QPRV00034883_00001	QPRV00034883	0	520533	190	46317	1		830109487	711	0			0				0		
QPRV00034883_00052	QPRV00034883	0	510533	190	4455	1		830109487	093	0			0				0		016
QPRV00034883_00003	QPRV00034883	0	510533	190	9160	1		830109487	096	0			0				0		001
QPRV00034883_00004	QPRV00034883	0	520533	190	32210	1		830109487	710	0			0				0		
QPRV00034883_00005	QPRV00034883	0	510533	190	56322	1		830109487	093	0			0				0		014
QPRV00034883_00006	QPRV00034883	0	520533	190	38558	1		830109487	830	0			0				0		
QPRV00034883_00007	QPRV00034883	0	520533	190	54062	1		830109487	850	0			0				0		
QPRV00034883_00008	QPRV00034883	0	520533	190	57916	1		830109487	151	0			0				0		
QPRV00034883_00009	QPRV00034883	0	520533	190	7140	1		830109487	802	0			0				0		
QPRV00034883_00010	QPRV00034883	0	510533	190	43421	1		830109487	093	0			0				0		011
QPRV00034883_00011	QPRV00034883	0	510533	190	28934	1		830109487	098	0			0				0		999
QPRV00034883_00012	QPRV00034883	0	520533	190	72083	1		830109487	801	0			0				0		
QPRV00034883_00013	QPRV00034883	0	520533	190	43773	1		830109487	510	0			0				0		
QPRV00034883_00014	QPRV00034883	0	520533	190	44049	1		830109487	201	0			0				0		
QPRV00034883_00015	QPRV00034883	0	520533	190	35742	1		830109487	542	0			0				0		
QPRV00034883_00016	QPRV00034883	0	510533	190	9576	1		830109487	099	0			0				0		510
QPRV00034883_00017	QPRV00034883	0	510533	190	56273	1		830109487	093	0			0				0		012
QPRV00034883_00018	QPRV00034883	0	520533	190	87438	1		830109487	102	0			0				0		
QPRV00034883_00019	QPRV00034883	0	520533	190	44351	1		830109487	104	0			0				0		
QPRV00034883_00020	QPRV00034883	0	520533	190	13616	1		830109487	403	0			0				0		
QPRV00034883_00021	QPRV00034883	0	510533	190	3079	1		830109487	098	0			0				0		900
QPRV00034883_00022	QPRV00034883	0	520533	190	21540	1		830109487	540	0			0				0		
QPRV00034883_00023	QPRV00034883	0	510533	190	26068	1		830109487	099	0			0				0		151
QPRV00034883_00024	QPRV00034883	0	510533	190	169704	1		830109487	093	0			0				0		025
QPRV00034883_00025	QPRV00034883	0	520533	190	27857	1		830109487	410	0			0				0		
QPRV00034883_00026	QPRV00034883	0	510533	190	19808	1		830109487	099	0			0				0		201
QPRV00034883_00027	QPRV00034883	0	520533	190	7318	1		830109487	109	0			0				0		
QPRV00034883_00028	QPRV00034883	0	510533	190	186273	1		830109487	100	0			0				0		028
QPRV00034883_00029	QPRV00034883	0	520533	190	47443	1		830109487	560	0			0				0		
QPRV00034883_00030	QPRV00034883	0	520533	190	25186	1		830109487	841	0			0				0		
QPRV00034883_00031	QPRV00034883	0	510533	190	9524	1		830109487	099	0			0				0		702
QPRV00034883_00032	QPRV00034883	0	520533	190	40564	1		830109487	545	0			0				0		
QPRV00034883_00033	QPRV00034883	0	510533	190	19584	1		830109487	093	0			0				0		010
QPRV00034883_00034	QPRV00034883	0	510533	190	52180	1		830109487	093	0			0				0		018
QPRV00034883_00035	QPRV00034883	0	520533	190	28758	1		830109487	530	0			0				0		
QPRV00034883_00036	QPRV00034883	0	520533	190	25753	1		830109487	541	0			0				0		
QPRV00034883_00037	QPRV00034883	0	520533	190	46410	1		830109487	610	0			0				0		
QPRV00034883_00038	QPRV00034883	0	520533	190	6592	1		830109487	550	0			0				0		
QPRV00034883_00039	QPRV00034883	0	510533	190	19879	1		830109487	093	0			0				0		023
QPRV00034883_00040	QPRV00034883	0	520533	190	60746	1		830109487	851	0			0				0		
QPRV00034883_00041	QPRV00034883	0	510533	190	25626	1		830109487	093	0			0				0		022
QPRV00034883_00042	QPRV00034883	0	520533	190	21876	1		830109487	501	0			0				0		
QPRV00034883_00043	QPRV00034883	0	520533	190	30361	1		830109487	620	0			0				0		
QPRV00034883_00044	QPRV00034883	0	510533	190	28116	1		830109487	099	0			0				0		103
QPRV00034883_00045	QPRV00034883	0	510533	190	106451	1		830109487	099	0			0				0		102
QPRV00034883_00046	QPRV00034883	0	510533	190	53218	1		830109487	093	0			0				0		017
QPRV00034883_00047	QPRV00034883	0	510533	190	45089	1		830109487	093	0			0				0		009
QPRV00034883_00048	QPRV00034883	0	510533	190	21551	1		830109487	099	0			0				0		501
QPRV00034883_00049	QPRV00034883	0	520533	190	13878	1		830109487	701	0			0				0		
QPRV00034883_00050	QPRV00034883	0	520533	190	42760	1		830109487	601	0			0				0		
QPRV00034883_00051	QPRV00034883	0	520533	190	42345	1		830109487	402	0			0				0		
QPRV00034883_00002	QPRV00034883	0	520533	190	33349	1		830109487	543	0			0				0		
QPRV00034884_00053	QPRV00034884	0	52053040	175	358260	1		830109487	711	0			0				0		
QPRV00034884_00054	QPRV00034884	0	51053040	175	1305417	1		830109487	093	0			0				0		025
QPRV00034884_00055	QPRV00034884	0	51053040	175	150756	1		830109487	093	0			0				0		010
QPRV00034884_00056	QPRV00034884	0	51053040	175	401300	1		830109487	093	0			0				0		018
QPRV00034884_00057	QPRV00034884	0	52053040	175	227258	1		830109487	841	0			0				0		
QPRV00034884_00058	QPRV00034884	0	52053040	175	394806	1		830109487	850	0			0				0		
QPRV00034884_00059	QPRV00034884	0	52053040	175	389528	1		830109487	610	0			0				0		
QPRV00034884_00060	QPRV00034884	0	52053040	175	510757	1		830109487	104	0			0				0		
QPRV00034884_00061	QPRV00034884	0	52053040	175	474040	1		830109487	501	0			0				0		
QPRV00034884_00062	QPRV00034884	0	51053040	175	433173	1		830109487	093	0			0				0		012
QPRV00034884_00063	QPRV00034884	0	51053040	175	36417	1		830109487	093	0			0				0		016
QPRV00034884_00064	QPRV00034884	0	51053040	175	334250	1		830109487	093	0			0				0		011
QPRV00034884_00065	QPRV00034884	0	51053040	175	1577757	1		830109487	100	0			0				0		028
QPRV00034884_00066	QPRV00034884	0	52053040	175	430039	1		830109487	151	0			0				0		
QPRV00034884_00067	QPRV00034884	0	51053040	175	177807	1		830109487	099	0			0				0		501
QPRV00034884_00068	QPRV00034884	0	52053040	175	309348	1		830109487	402	0			0				0		
QPRV00034884_00069	QPRV00034884	0	52053040	175	171166	1		830109487	550	0			0				0		
QPRV00034884_00070	QPRV00034884	0	52053040	175	236929	1		830109487	410	0			0				0		
QPRV00034884_00071	QPRV00034884	0	52053040	175	454028	1		830109487	830	0			0				0		
QPRV00034884_00072	QPRV00034884	0	51053040	175	221249	1		830109487	098	0			0				0		999
QPRV00034884_00073	QPRV00034884	0	52053040	175	369186	1		830109487	530	0			0				0		
QPRV00034884_00074	QPRV00034884	0	52053040	175	115279	1		830109487	701	0			0				0		
QPRV00034884_00075	QPRV00034884	0	51053040	175	346843	1		830109487	093	0			0				0		009
QPRV00034884_00076	QPRV00034884	0	52053040	175	633628	1		830109487	801	0			0				0		
QPRV00034884_00077	QPRV00034884	0	52053040	175	350687	1		830109487	601	0			0				0		
QPRV00034884_00078	QPRV00034884	0	51053040	175	200045	1		830109487	093	0			0				0		022
QPRV00034884_00079	QPRV00034884	0	52053040	175	173644	1		830109487	109	0			0				0		
QPRV00034884_00080	QPRV00034884	0	51053040	175	153000	1		830109487	093	0			0				0		023
QPRV00034884_00081	QPRV00034884	0	51053040	175	320426	1		830109487	098	0			0				0		900
QPRV00034884_00082	QPRV00034884	0	51053040	175	930531	1		830109487	099	0			0				0		102
QPRV00034884_00083	QPRV00034884	0	52053040	175	298653	1		830109487	510	0			0				0		
QPRV00034884_00084	QPRV00034884	0	52053040	175	352238	1		830109487	201	0			0				0		
QPRV00034884_00085	QPRV00034884	0	52053040	175	205207	1		830109487	541	0			0				0		
QPRV00034884_00086	QPRV00034884	0	52053040	175	533555	1		830109487	560	0			0				0		
QPRV00034884_00087	QPRV00034884	0	52053040	175	247437	1		830109487	710	0			0				0		
QPRV00034884_00088	QPRV00034884	0	52053040	175	90393	1		830109487	802	0			0				0		
QPRV00034884_00089	QPRV00034884	0	52053040	175	418196	1		830109487	543	0			0				0		
QPRV00034884_00090	QPRV00034884	0	51053040	175	70809	1		830109487	096	0			0				0		001
QPRV00034884_00091	QPRV00034884	0	52053040	175	442220	1		830109487	851	0			0				0		
QPRV00034884_00092	QPRV00034884	0	52053040	175	316584	1		830109487	542	0			0				0		
QPRV00034884_00093	QPRV00034884	0	52053040	175	231841	1		830109487	620	0			0				0		
QPRV00034884_00094	QPRV00034884	0	51053040	175	259831	1		830109487	099	0			0				0		103
QPRV00034884_00095	QPRV00034884	0	51053040	175	445043	1		830109487	093	0			0				0		017
QPRV00034884_00096	QPRV00034884	0	51053040	175	168109	1		830109487	099	0			0				0		201
QPRV00034884_00097	QPRV00034884	0	51053040	175	339467	1		830109487	099	0			0				0		151
QPRV00034884_00098	QPRV00034884	0	52053040	175	204694	1		830109487	540	0			0				0		
QPRV00034884_00099	QPRV00034884	0	52053040	175	815811	1		830109487	102	0			0				0		
QPRV00034884_00100	QPRV00034884	0	51053040	175	73740	1		830109487	099	0			0				0		510
QPRV00034884_00101	QPRV00034884	0	51053040	175	436960	1		830109487	093	0			0				0		014
QPRV00034884_00102	QPRV00034884	0	52053040	175	329016	1		830109487	545	0			0				0		
QPRV00034884_00103	QPRV00034884	0	51053040	175	61335	1		830109487	099	0			0				0		702
QPRV00034884_00104	QPRV00034884	0	52053040	175	226855	1		830109487	403	0			0				0		
QPRV00034885_00105	QPRV00034885	0	520539	145	249113	1		830109487	104	0			0				0		
QPRV00034885_00154	QPRV00034885	0	520539	145	85976	1		830109487	850	0			0				0		
QPRV00034885_00107	QPRV00034885	0	520539	145	81258	1		830109487	510	0			0				0		
QPRV00034885_00108	QPRV00034885	0	520539	145	186757	1		830109487	543	0			0				0		
QPRV00034885_00109	QPRV00034885	0	520539	145	42113	1		830109487	802	0			0				0		
QPRV00034885_00110	QPRV00034885	0	510539	145	16666	1		830109487	093	0			0				0		016
QPRV00034885_00111	QPRV00034885	0	520539	145	1046476	1		830109487	102	0			0				0		
QPRV00034885_00112	QPRV00034885	0	520539	145	66142	1		830109487	540	0			0				0		
QPRV00034885_00113	QPRV00034885	0	510539	145	29417	1		830109487	096	0			0				0		001
QPRV00034885_00114	QPRV00034885	0	520539	145	720503	1		830109487	545	0			0				0		
QPRV00034885_00115	QPRV00034885	0	510539	145	151172	1		830109487	093	0			0				0		012
QPRV00034885_00116	QPRV00034885	0	510539	145	220000	1		830109487	093	0			0				0		017
QPRV00034885_00117	QPRV00034885	0	510539	145	142885	1		830109487	098	0			0				0		900
QPRV00034885_00118	QPRV00034885	0	520539	145	265896	1		830109487	851	0			0				0		
QPRV00034885_00119	QPRV00034885	0	510539	145	33416	1		830109487	099	0			0				0		510
QPRV00034885_00120	QPRV00034885	0	520539	145	176118	1		830109487	530	0			0				0		
QPRV00034885_00121	QPRV00034885	0	520539	145	212042	1		830109487	201	0			0				0		
QPRV00034885_00122	QPRV00034885	0	520539	145	139437	1		830109487	541	0			0				0		
QPRV00034885_00123	QPRV00034885	0	520539	145	285091	1		830109487	801	0			0				0		
QPRV00034885_00124	QPRV00034885	0	520539	145	118151	1		830109487	410	0			0				0		
QPRV00034885_00125	QPRV00034885	0	520539	145	175066	1		830109487	403	0			0				0		
QPRV00034885_00126	QPRV00034885	0	510539	145	84584	1		830109487	093	0			0				0		022
QPRV00034885_00127	QPRV00034885	0	520539	145	128271	1		830109487	841	0			0				0		
QPRV00034885_00128	QPRV00034885	0	510539	145	117010	1		830109487	099	0			0				0		103
QPRV00034885_00129	QPRV00034885	0	520539	145	329458	1		830109487	711	0			0				0		
QPRV00034885_00130	QPRV00034885	0	520539	145	273862	1		830109487	560	0			0				0		
QPRV00034885_00131	QPRV00034885	0	520539	145	188885	1		830109487	610	0			0				0		
QPRV00034885_00132	QPRV00034885	0	520539	145	238061	1		830109487	601	0			0				0		
QPRV00034885_00133	QPRV00034885	0	510539	145	368025	1		830109487	093	0			0				0		018
QPRV00034885_00134	QPRV00034885	0	510539	145	69417	1		830109487	093	0			0				0		010
QPRV00034885_00135	QPRV00034885	0	520539	145	216611	1		830109487	501	0			0				0		
QPRV00034885_00136	QPRV00034885	0	520539	145	77669	1		830109487	109	0			0				0		
QPRV00034885_00137	QPRV00034885	0	510539	145	234334	1		830109487	093	0			0				0		014
QPRV00034885_00138	QPRV00034885	0	510539	145	774879	1		830109487	100	0			0				0		028
QPRV00034885_00139	QPRV00034885	0	520539	145	800611	1		830109487	402	0			0				0		
QPRV00034885_00140	QPRV00034885	0	520539	145	277830	1		830109487	830	0			0				0		
QPRV00034885_00141	QPRV00034885	0	520539	145	120986	1		830109487	701	0			0				0		
QPRV00034885_00142	QPRV00034885	0	520539	145	120726	1		830109487	710	0			0				0		
QPRV00034885_00143	QPRV00034885	0	520539	145	187785	1		830109487	151	0			0				0		
QPRV00034885_00144	QPRV00034885	0	510539	145	141256	1		830109487	098	0			0				0		999
QPRV00034885_00145	QPRV00034885	0	510539	145	70334	1		830109487	093	0			0				0		023
QPRV00034885_00146	QPRV00034885	0	510539	145	162878	1		830109487	093	0			0				0		009
QPRV00034885_00147	QPRV00034885	0	510539	145	78753	1		830109487	099	0			0				0		501
QPRV00034885_00148	QPRV00034885	0	520539	145	82500	1		830109487	550	0			0				0		
QPRV00034885_00149	QPRV00034885	0	510539	145	687244	1		830109487	099	0			0				0		102
QPRV00034885_00150	QPRV00034885	0	510539	145	191274	1		830109487	099	0			0				0		151
QPRV00034885_00151	QPRV00034885	0	520539	145	115797	1		830109487	620	0			0				0		
QPRV00034885_00152	QPRV00034885	0	510539	145	160959	1		830109487	093	0			0				0		011
QPRV00034885_00153	QPRV00034885	0	510539	145	56867	1		830109487	099	0			0				0		702
QPRV00034885_00106	QPRV00034885	0	520539	145	162533	1		830109487	542	0			0				0		
QPRV00034886_00155	QPRV00034886	0	510536	130	289153	1		830109487	098	0			0				0		999
QPRV00034886_00206	QPRV00034886	0	520536	130	518528	1		830109487	830	0			0				0		
QPRV00034886_00157	QPRV00034886	0	510536	130	36417	1		830109487	093	0			0				0		016
QPRV00034886_00158	QPRV00034886	0	510536	130	334250	1		830109487	093	0			0				0		011
QPRV00034886_00159	QPRV00034886	0	520536	130	369186	1		830109487	530	0			0				0		
QPRV00034886_00160	QPRV00034886	0	520536	130	571519	1		830109487	560	0			0				0		
QPRV00034886_00161	QPRV00034886	0	510536	130	1577757	1		830109487	100	0			0				0		028
QPRV00034886_00162	QPRV00034886	0	510536	130	153000	1		830109487	093	0			0				0		023
QPRV00034886_00163	QPRV00034886	0	520536	130	331285	1		830109487	402	0			0				0		
QPRV00034886_00164	QPRV00034886	0	520536	130	442219	1		830109487	851	0			0				0		
QPRV00034886_00165	QPRV00034886	0	510536	130	70808	1		830109487	096	0			0				0		001
QPRV00034886_00166	QPRV00034886	0	520536	130	350687	1		830109487	601	0			0				0		
QPRV00034886_00167	QPRV00034886	0	520536	130	247438	1		830109487	710	0			0				0		
QPRV00034886_00168	QPRV00034886	0	510536	130	339900	1		830109487	099	0			0				0		151
QPRV00034886_00169	QPRV00034886	0	510536	130	880499	1		830109487	099	0			0				0		102
QPRV00034886_00170	QPRV00034886	0	510536	130	168109	1		830109487	099	0			0				0		201
QPRV00034886_00171	QPRV00034886	0	520536	130	394806	1		830109487	850	0			0				0		
QPRV00034886_00172	QPRV00034886	0	520536	130	634051	1		830109487	801	0			0				0		
QPRV00034886_00173	QPRV00034886	0	520536	130	352175	1		830109487	201	0			0				0		
QPRV00034886_00174	QPRV00034886	0	510536	130	290089	1		830109487	098	0			0				0		900
QPRV00034886_00175	QPRV00034886	0	520536	130	235688	1		830109487	410	0			0				0		
QPRV00034886_00176	QPRV00034886	0	520536	130	510756	1		830109487	104	0			0				0		
QPRV00034886_00177	QPRV00034886	0	510536	130	177863	1		830109487	099	0			0				0		501
QPRV00034886_00178	QPRV00034886	0	520536	130	298653	1		830109487	510	0			0				0		
QPRV00034886_00179	QPRV00034886	0	520536	130	474069	1		830109487	501	0			0				0		
QPRV00034886_00180	QPRV00034886	0	510536	130	433173	1		830109487	093	0			0				0		012
QPRV00034886_00181	QPRV00034886	0	510536	130	401300	1		830109487	093	0			0				0		018
QPRV00034886_00182	QPRV00034886	0	510536	130	259926	1		830109487	099	0			0				0		103
QPRV00034886_00183	QPRV00034886	0	520536	130	360362	1		830109487	545	0			0				0		
QPRV00034886_00184	QPRV00034886	0	520536	130	316585	1		830109487	542	0			0				0		
QPRV00034886_00185	QPRV00034886	0	520536	130	249311	1		830109487	403	0			0				0		
QPRV00034886_00186	QPRV00034886	0	510536	130	346844	1		830109487	093	0			0				0		009
QPRV00034886_00187	QPRV00034886	0	510536	130	61335	1		830109487	099	0			0				0		702
QPRV00034886_00188	QPRV00034886	0	520536	130	204694	1		830109487	540	0			0				0		
QPRV00034886_00189	QPRV00034886	0	510536	130	446166	1		830109487	093	0			0				0		017
QPRV00034886_00190	QPRV00034886	0	510536	130	200045	1		830109487	093	0			0				0		022
QPRV00034886_00191	QPRV00034886	0	520536	130	389530	1		830109487	610	0			0				0		
QPRV00034886_00192	QPRV00034886	0	520536	130	358260	1		830109487	711	0			0				0		
QPRV00034886_00193	QPRV00034886	0	520536	130	173643	1		830109487	109	0			0				0		
QPRV00034886_00194	QPRV00034886	0	520536	130	418196	1		830109487	543	0			0				0		
QPRV00034886_00195	QPRV00034886	0	520536	130	799789	1		830109487	102	0			0				0		
QPRV00034886_00196	QPRV00034886	0	510536	130	436959	1		830109487	093	0			0				0		014
QPRV00034886_00197	QPRV00034886	0	520536	130	171166	1		830109487	550	0			0				0		
QPRV00034886_00198	QPRV00034886	0	510536	130	73740	1		830109487	099	0			0				0		510
QPRV00034886_00199	QPRV00034886	0	520536	130	115280	1		830109487	701	0			0				0		
QPRV00034886_00200	QPRV00034886	0	510536	130	1305417	1		830109487	093	0			0				0		025
QPRV00034886_00201	QPRV00034886	0	520536	130	231841	1		830109487	620	0			0				0		
QPRV00034886_00202	QPRV00034886	0	520536	130	90393	1		830109487	802	0			0				0		
QPRV00034886_00203	QPRV00034886	0	520536	130	227258	1		830109487	841	0			0				0		
QPRV00034886_00204	QPRV00034886	0	520536	130	306240	1		830109487	541	0			0				0		
QPRV00034886_00205	QPRV00034886	0	520536	130	448859	1		830109487	151	0			0				0		
QPRV00034886_00156	QPRV00034886	0	510536	130	150756	1		830109487	093	0			0				0		010
