QPRV00034906_00001	QPRV00034906	0	261095	503	110000	2		830109487	096	0			0				0		001
QPRV00034906_00002	QPRV00034906	0	52054501	503	110000	1		830109487	096	0			0				0		001
QPRV00034907_00005	QPRV00034907	0	510533	190	45161	1		830109487	093	0			0				0		022
QPRV00034907_00006	QPRV00034907	0	520533	190	63932	1		830109487	830	0			0				0		
QPRV00034907_00007	QPRV00034907	0	520533	190	28351	1		830109487	170	0			0				0		
QPRV00034907_00008	QPRV00034907	0	520533	190	25806	1		830109487	802	0			0				0		
QPRV00034907_00009	QPRV00034907	0	520533	190	684	2		830109487	151	0			0				0		
QPRV00034907_00010	QPRV00034907	0	510533	190	100102	1		830109487	093	0			0				0		018
QPRV00034907_00011	QPRV00034907	0	510533	190	4958	1		830109487	099	0			0				0		103
QPRV00034907_00012	QPRV00034907	0	520533	190	52972	1		830109487	403	0			0				0		
QPRV00034907_00013	QPRV00034907	0	510533	190	45281	1		830109487	098	0			0				0		999
QPRV00034907_00014	QPRV00034907	0	520533	190	50223	1		830109487	543	0			0				0		
QPRV00034907_00015	QPRV00034907	0	510533	190	79650	1		830109487	093	0			0				0		014
QPRV00034907_00016	QPRV00034907	0	510533	190	19870	1		830109487	093	0			0				0		010
QPRV00034907_00017	QPRV00034907	0	510533	190	77547	1		830109487	093	0			0				0		011
QPRV00034907_00018	QPRV00034907	0	520533	190	76707	1		830109487	501	0			0				0		
QPRV00034907_00019	QPRV00034907	0	520533	190	83206	1		830109487	545	0			0				0		
QPRV00034907_00020	QPRV00034907	0	520533	190	52340	1		830109487	530	0			0				0		
QPRV00034907_00021	QPRV00034907	0	520533	190	155244	1		830109487	151	0			0				0		
QPRV00034907_00022	QPRV00034907	0	510533	190	24543	1		830109487	099	0			0				0		702
QPRV00034907_00023	QPRV00034907	0	510533	190	152578	1		830109487	099	0			0				0		102
QPRV00034907_00024	QPRV00034907	0	520533	190	38184	1		830109487	542	0			0				0		
QPRV00034907_00025	QPRV00034907	0	520533	190	123561	1		830109487	104	0			0				0		
QPRV00034907_00026	QPRV00034907	0	520533	190	84130	1		830109487	711	0			0				0		
QPRV00034907_00027	QPRV00034907	0	510533	190	2055	1		830109487	098	0			0				0		900
QPRV00034907_00056	QPRV00034907	0	510533	190	97975	1		830109487	093	0			0				0		017
QPRV00034907_00029	QPRV00034907	0	520533	190	51360	1		830109487	620	0			0				0		
QPRV00034907_00030	QPRV00034907	0	510533	190	77922	1		830109487	093	0			0				0		009
QPRV00034907_00031	QPRV00034907	0	520533	190	128157	1		830109487	801	0			0				0		
QPRV00034907_00032	QPRV00034907	0	520533	190	70189	1		830109487	410	0			0				0		
QPRV00034907_00033	QPRV00034907	0	520533	190	58273	1		830109487	541	0			0				0		
QPRV00034907_00034	QPRV00034907	0	520533	190	79472	1		830109487	560	0			0				0		
QPRV00034907_00035	QPRV00034907	0	520533	190	71952	1		830109487	510	0			0				0		
QPRV00034907_00036	QPRV00034907	0	510533	190	100254	1		830109487	099	0			0				0		151
QPRV00034907_00037	QPRV00034907	0	520533	190	30594	1		830109487	701	0			0				0		
QPRV00034907_00038	QPRV00034907	0	520533	190	104924	1		830109487	402	0			0				0		
QPRV00034907_00039	QPRV00034907	0	510533	190	84936	1		830109487	093	0			0				0		012
QPRV00034907_00040	QPRV00034907	0	510533	190	276308	1		830109487	100	0			0				0		028
QPRV00034907_00041	QPRV00034907	0	520533	190	13746	1		830109487	503	0			0				0		
QPRV00034907_00042	QPRV00034907	0	520533	190	19061	1		830109487	512	0			0				0		
QPRV00034907_00043	QPRV00034907	0	520533	190	54074	1		830109487	601	0			0				0		
QPRV00034907_00044	QPRV00034907	0	510533	190	35078	1		830109487	093	0			0				0		023
QPRV00034907_00045	QPRV00034907	0	520533	190	125229	1		830109487	851	0			0				0		
QPRV00034907_00046	QPRV00034907	0	510533	190	300246	1		830109487	093	0			0				0		025
QPRV00034907_00047	QPRV00034907	0	510533	190	59998	1		830109487	099	0			0				0		501
QPRV00034907_00048	QPRV00034907	0	510533	190	41705	1		830109487	099	0			0				0		510
QPRV00034907_00049	QPRV00034907	0	520533	190	39518	1		830109487	710	0			0				0		
QPRV00034907_00050	QPRV00034907	0	520533	190	45812	1		830109487	550	0			0				0		
QPRV00034907_00051	QPRV00034907	0	520533	190	91383	1		830109487	850	0			0				0		
QPRV00034907_00052	QPRV00034907	0	520533	190	89275	1		830109487	610	0			0				0		
QPRV00034907_00053	QPRV00034907	0	510533	190	32055	1		830109487	099	0			0				0		201
QPRV00034907_00054	QPRV00034907	0	520533	190	80328	1		830109487	201	0			0				0		
QPRV00034907_00055	QPRV00034907	0	510533	190	16121	1		830109487	096	0			0				0		001
QPRV00034907_00004	QPRV00034907	0	520533	190	142290	1		830109487	102	0			0				0		
QPRV00034907_00003	QPRV00034907	0	520533	190	4194	2		830109487	802	0			0				0		
QPRV00034907_00028	QPRV00034907	0	520533	190	60077	1		830109487	841	0			0				0		
QPRV00034908_00057	QPRV00034908	0	52053040	175	684812	1		830109487	851	0			0				0		
QPRV00034908_00058	QPRV00034908	0	52053040	175	818851	1		830109487	542	0			0				0		
QPRV00034908_00059	QPRV00034908	0	51053040	175	347295	1		830109487	093	0			0				0		014
QPRV00034908_00060	QPRV00034908	0	51053040	175	86461	1		830109487	093	0			0				0		010
QPRV00034908_00061	QPRV00034908	0	51053040	175	197989	1		830109487	093	0			0				0		022
QPRV00034908_00062	QPRV00034908	0	52053040	175	495525	1		830109487	560	0			0				0		
QPRV00034908_00063	QPRV00034908	0	51053040	175	374336	1		830109487	099	0			0				0		501
QPRV00034908_00064	QPRV00034908	0	52053040	175	486957	1		830109487	545	0			0				0		
QPRV00034908_00065	QPRV00034908	0	52053040	175	60478	2		830109487	501	0			0				0		
QPRV00034908_00066	QPRV00034908	0	52053040	175	389156	1		830109487	830	0			0				0		
QPRV00034908_00067	QPRV00034908	0	52053040	175	250921	1		830109487	512	0			0				0		
QPRV00034908_00068	QPRV00034908	0	51053040	175	117917	1		830109487	099	0			0				0		103
QPRV00034908_00069	QPRV00034908	0	52053040	175	190890	1		830109487	802	0			0				0		
QPRV00034908_00070	QPRV00034908	0	52053040	175	175390	1		830109487	503	0			0				0		
QPRV00034908_00071	QPRV00034908	0	52053040	175	444116	1		830109487	850	0			0				0		
QPRV00034908_00072	QPRV00034908	0	52053040	175	345953	1		830109487	410	0			0				0		
QPRV00034908_00073	QPRV00034908	0	51053040	175	598985	1		830109487	098	0			0				0		999
QPRV00034908_00074	QPRV00034908	0	52053040	175	210222	1		830109487	710	0			0				0		
QPRV00034908_00075	QPRV00034908	0	52053040	175	442625	1		830109487	711	0			0				0		
QPRV00034908_00076	QPRV00034908	0	51053040	175	1305417	1		830109487	093	0			0				0		025
QPRV00034908_00077	QPRV00034908	0	51053040	175	133068	1		830109487	099	0			0				0		201
QPRV00034908_00078	QPRV00034908	0	51053040	175	152384	1		830109487	093	0			0				0		023
QPRV00034908_00079	QPRV00034908	0	51053040	175	1302876	1		830109487	100	0			0				0		028
QPRV00034908_00080	QPRV00034908	0	52053040	175	330157	1		830109487	201	0			0				0		
QPRV00034908_00081	QPRV00034908	0	52053040	175	578675	1		830109487	801	0			0				0		
QPRV00034908_00082	QPRV00034908	0	52053040	175	156523	1		830109487	701	0			0				0		
QPRV00034908_00083	QPRV00034908	0	52053040	175	254851	1		830109487	601	0			0				0		
QPRV00034908_00084	QPRV00034908	0	52053040	175	383233	1		830109487	541	0			0				0		
QPRV00034908_00085	QPRV00034908	0	51053040	175	69268	1		830109487	096	0			0				0		001
QPRV00034908_00086	QPRV00034908	0	52053040	175	852784	1		830109487	102	0			0				0		
QPRV00034908_00087	QPRV00034908	0	52053040	175	1125194	1		830109487	151	0			0				0		
QPRV00034908_00088	QPRV00034908	0	51053040	175	446166	1		830109487	093	0			0				0		017
QPRV00034908_00089	QPRV00034908	0	52053040	175	803165	1		830109487	104	0			0				0		
QPRV00034908_00090	QPRV00034908	0	52053040	175	4407	2		830109487	512	0			0				0		
QPRV00034908_00091	QPRV00034908	0	51053040	175	753682	1		830109487	099	0			0				0		102
QPRV00034908_00092	QPRV00034908	0	51053040	175	359393	1		830109487	098	0			0				0		900
QPRV00034908_00093	QPRV00034908	0	52053040	175	660857	1		830109487	170	0			0				0		
QPRV00034908_00094	QPRV00034908	0	51053040	175	337333	1		830109487	093	0			0				0		011
QPRV00034908_00095	QPRV00034908	0	52053040	175	369123	1		830109487	510	0			0				0		
QPRV00034908_00096	QPRV00034908	0	52053040	175	716740	1		830109487	501	0			0				0		
QPRV00034908_00097	QPRV00034908	0	51053040	175	186915	1		830109487	099	0			0				0		510
QPRV00034908_00098	QPRV00034908	0	52053040	175	346068	1		830109487	530	0			0				0		
QPRV00034908_00099	QPRV00034908	0	52053040	175	963619	1		830109487	402	0			0				0		
QPRV00034908_00100	QPRV00034908	0	52053040	175	330769	1		830109487	841	0			0				0		
QPRV00034908_00101	QPRV00034908	0	52053040	175	487795	1		830109487	610	0			0				0		
QPRV00034908_00102	QPRV00034908	0	52053040	175	356407	1		830109487	403	0			0				0		
QPRV00034908_00103	QPRV00034908	0	52053040	175	671267	1		830109487	550	0			0				0		
QPRV00034908_00104	QPRV00034908	0	52053040	175	132294	2		830109487	503	0			0				0		
QPRV00034908_00105	QPRV00034908	0	51053040	175	458021	1		830109487	099	0			0				0		151
QPRV00034908_00106	QPRV00034908	0	52053040	175	93117	2		830109487	151	0			0				0		
QPRV00034908_00107	QPRV00034908	0	52053040	175	500831	1		830109487	543	0			0				0		
QPRV00034908_00108	QPRV00034908	0	51053040	175	504573	1		830109487	093	0			0				0		012
QPRV00034908_00109	QPRV00034908	0	52053040	175	213075	1		830109487	620	0			0				0		
QPRV00034908_00110	QPRV00034908	0	51053040	175	331422	1		830109487	093	0			0				0		009
QPRV00034908_00111	QPRV00034908	0	51053040	175	124219	1		830109487	099	0			0				0		702
QPRV00034908_00112	QPRV00034908	0	52053040	175	887909	2		830109487	802	0			0				0		
QPRV00034908_00113	QPRV00034908	0	51053040	175	649584	1		830109487	093	0			0				0		018
QPRV00034909_00114	QPRV00034909	0	520539	145	421554	1		830109487	104	0			0				0		
QPRV00034909_00164	QPRV00034909	0	520539	145	303642	1		830109487	151	0			0				0		
QPRV00034909_00116	QPRV00034909	0	520539	145	189242	1		830109487	512	0			0				0		
QPRV00034909_00117	QPRV00034909	0	510539	145	823936	1		830109487	100	0			0				0		028
QPRV00034909_00118	QPRV00034909	0	520539	145	114632	1		830109487	620	0			0				0		
QPRV00034909_00119	QPRV00034909	0	520539	145	164337	1		830109487	543	0			0				0		
QPRV00034909_00120	QPRV00034909	0	510539	145	6074	1		830109487	096	0			0				0		001
QPRV00034909_00121	QPRV00034909	0	520539	145	196277	1		830109487	801	0			0				0		
QPRV00034909_00122	QPRV00034909	0	510539	145	181072	1		830109487	099	0			0				0		501
QPRV00034909_00123	QPRV00034909	0	520539	145	316690	1		830109487	170	0			0				0		
QPRV00034909_00124	QPRV00034909	0	520539	145	272793	1		830109487	560	0			0				0		
QPRV00034909_00125	QPRV00034909	0	510539	145	119568	1		830109487	099	0			0				0		151
QPRV00034909_00126	QPRV00034909	0	520539	145	145314	1		830109487	403	0			0				0		
QPRV00034909_00127	QPRV00034909	0	520539	145	100009	1		830109487	710	0			0				0		
QPRV00034909_00128	QPRV00034909	0	520539	145	44617	1		830109487	201	0			0				0		
QPRV00034909_00129	QPRV00034909	0	510539	145	40250	1		830109487	093	0			0				0		010
QPRV00034909_00130	QPRV00034909	0	510539	145	219999	1		830109487	093	0			0				0		017
QPRV00034909_00131	QPRV00034909	0	520539	145	26854	1		830109487	510	0			0				0		
QPRV00034909_00132	QPRV00034909	0	510539	145	110930	1		830109487	099	0			0				0		510
QPRV00034909_00133	QPRV00034909	0	520539	145	453658	1		830109487	851	0			0				0		
QPRV00034909_00134	QPRV00034909	0	510539	145	161416	1		830109487	093	0			0				0		014
QPRV00034909_00135	QPRV00034909	0	520539	145	142587	1		830109487	541	0			0				0		
QPRV00034909_00136	QPRV00034909	0	520539	145	110203	1		830109487	503	0			0				0		
QPRV00034909_00137	QPRV00034909	0	510539	145	55182	1		830109487	099	0			0				0		201
QPRV00034909_00138	QPRV00034909	0	510539	145	277083	1		830109487	098	0			0				0		999
QPRV00034909_00139	QPRV00034909	0	520539	145	223241	1		830109487	711	0			0				0		
QPRV00034909_00140	QPRV00034909	0	520539	145	459605	1		830109487	402	0			0				0		
QPRV00034909_00141	QPRV00034909	0	510539	145	196374	1		830109487	093	0			0				0		012
QPRV00034909_00142	QPRV00034909	0	520539	145	176805	1		830109487	610	0			0				0		
QPRV00034909_00143	QPRV00034909	0	510539	145	207000	1		830109487	093	0			0				0		018
QPRV00034909_00144	QPRV00034909	0	520539	145	172222	1		830109487	830	0			0				0		
QPRV00034909_00145	QPRV00034909	0	510539	145	58333	1		830109487	099	0			0				0		103
QPRV00034909_00146	QPRV00034909	0	520539	145	90708	1		830109487	802	0			0				0		
QPRV00034909_00147	QPRV00034909	0	510539	145	139275	1		830109487	093	0			0				0		022
QPRV00034909_00148	QPRV00034909	0	520539	145	259149	1		830109487	841	0			0				0		
QPRV00034909_00149	QPRV00034909	0	520539	145	90441	1		830109487	850	0			0				0		
QPRV00034909_00150	QPRV00034909	0	520539	145	72403	1		830109487	701	0			0				0		
QPRV00034909_00151	QPRV00034909	0	510539	145	40334	1		830109487	093	0			0				0		023
QPRV00034909_00152	QPRV00034909	0	520539	145	367254	1		830109487	501	0			0				0		
QPRV00034909_00153	QPRV00034909	0	510539	145	162499	1		830109487	093	0			0				0		011
QPRV00034909_00154	QPRV00034909	0	520539	145	208227	1		830109487	542	0			0				0		
QPRV00034909_00155	QPRV00034909	0	510539	145	72113	1		830109487	099	0			0				0		702
QPRV00034909_00156	QPRV00034909	0	520539	145	182239	1		830109487	601	0			0				0		
QPRV00034909_00157	QPRV00034909	0	510539	145	230353	1		830109487	099	0			0				0		102
QPRV00034909_00158	QPRV00034909	0	520539	145	147341	1		830109487	530	0			0				0		
QPRV00034909_00159	QPRV00034909	0	520539	145	293299	1		830109487	550	0			0				0		
QPRV00034909_00160	QPRV00034909	0	510539	145	936097	1		830109487	093	0			0				0		009
QPRV00034909_00161	QPRV00034909	0	520539	145	163629	1		830109487	410	0			0				0		
QPRV00034909_00162	QPRV00034909	0	520539	145	225167	1		830109487	545	0			0				0		
QPRV00034909_00163	QPRV00034909	0	510539	145	89663	1		830109487	098	0			0				0		900
QPRV00034909_00115	QPRV00034909	0	520539	145	310395	1		830109487	102	0			0				0		
QPRV00034910_00165	QPRV00034910	0	510536	130	117917	1		830109487	099	0			0				0		103
QPRV00034910_00221	QPRV00034910	0	520536	130	698588	1		830109487	542	0			0				0		
QPRV00034910_00167	QPRV00034910	0	520536	130	716743	1		830109487	501	0			0				0		
QPRV00034910_00168	QPRV00034910	0	520536	130	346906	1		830109487	403	0			0				0		
QPRV00034910_00169	QPRV00034910	0	520536	130	4406	2		830109487	512	0			0				0		
QPRV00034910_00170	QPRV00034910	0	520536	130	206642	1		830109487	710	0			0				0		
QPRV00034910_00171	QPRV00034910	0	520536	130	369125	1		830109487	510	0			0				0		
QPRV00034910_00172	QPRV00034910	0	520536	130	852788	1		830109487	102	0			0				0		
QPRV00034910_00173	QPRV00034910	0	520536	130	190891	1		830109487	802	0			0				0		
QPRV00034910_00174	QPRV00034910	0	520536	130	383235	1		830109487	541	0			0				0		
QPRV00034910_00175	QPRV00034910	0	520536	130	132294	2		830109487	503	0			0				0		
QPRV00034910_00176	QPRV00034910	0	520536	130	768321	1		830109487	104	0			0				0		
QPRV00034910_00177	QPRV00034910	0	510536	130	133068	1		830109487	099	0			0				0		201
QPRV00034910_00178	QPRV00034910	0	510536	130	504573	1		830109487	093	0			0				0		012
QPRV00034910_00179	QPRV00034910	0	520536	130	442627	1		830109487	711	0			0				0		
QPRV00034910_00180	QPRV00034910	0	510536	130	186916	1		830109487	099	0			0				0		510
QPRV00034910_00181	QPRV00034910	0	520536	130	213076	1		830109487	620	0			0				0		
QPRV00034910_00182	QPRV00034910	0	520536	130	578680	1		830109487	801	0			0				0		
QPRV00034910_00183	QPRV00034910	0	520536	130	345953	1		830109487	410	0			0				0		
QPRV00034910_00184	QPRV00034910	0	520536	130	250923	1		830109487	512	0			0				0		
QPRV00034910_00185	QPRV00034910	0	520536	130	487797	1		830109487	610	0			0				0		
QPRV00034910_00186	QPRV00034910	0	510536	130	1286763	1		830109487	100	0			0				0		028
QPRV00034910_00187	QPRV00034910	0	510536	130	374330	1		830109487	099	0			0				0		501
QPRV00034910_00188	QPRV00034910	0	510536	130	124218	1		830109487	099	0			0				0		702
QPRV00034910_00189	QPRV00034910	0	520536	130	330149	1		830109487	201	0			0				0		
QPRV00034910_00190	QPRV00034910	0	520536	130	330769	1		830109487	841	0			0				0		
QPRV00034910_00191	QPRV00034910	0	510536	130	69269	1		830109487	096	0			0				0		001
QPRV00034910_00192	QPRV00034910	0	510536	130	753680	1		830109487	099	0			0				0		102
QPRV00034910_00193	QPRV00034910	0	510536	130	446166	1		830109487	093	0			0				0		017
QPRV00034910_00194	QPRV00034910	0	520536	130	124440	1		830109487	701	0			0				0		
QPRV00034910_00195	QPRV00034910	0	510536	130	86461	1		830109487	093	0			0				0		010
QPRV00034910_00196	QPRV00034910	0	520536	130	671269	1		830109487	550	0			0				0		
QPRV00034910_00197	QPRV00034910	0	520536	130	389156	1		830109487	830	0			0				0		
QPRV00034910_00198	QPRV00034910	0	510536	130	458390	1		830109487	099	0			0				0		151
QPRV00034910_00199	QPRV00034910	0	520536	130	254852	1		830109487	601	0			0				0		
QPRV00034910_00200	QPRV00034910	0	510536	130	341740	1		830109487	093	0			0				0		014
QPRV00034910_00201	QPRV00034910	0	520536	130	887909	2		830109487	802	0			0				0		
QPRV00034910_00202	QPRV00034910	0	510536	130	395836	1		830109487	093	0			0				0		018
QPRV00034910_00203	QPRV00034910	0	510536	130	152384	1		830109487	093	0			0				0		023
QPRV00034910_00204	QPRV00034910	0	520536	130	60478	2		830109487	501	0			0				0		
QPRV00034910_00205	QPRV00034910	0	520536	130	346069	1		830109487	530	0			0				0		
QPRV00034910_00206	QPRV00034910	0	520536	130	175391	1		830109487	503	0			0				0		
QPRV00034910_00207	QPRV00034910	0	520536	130	500834	1		830109487	543	0			0				0		
QPRV00034910_00208	QPRV00034910	0	510536	130	331778	1		830109487	093	0			0				0		011
QPRV00034910_00209	QPRV00034910	0	520536	130	93117	2		830109487	151	0			0				0		
QPRV00034910_00210	QPRV00034910	0	520536	130	556136	1		830109487	851	0			0				0		
QPRV00034910_00211	QPRV00034910	0	520536	130	495514	1		830109487	560	0			0				0		
QPRV00034910_00212	QPRV00034910	0	520536	130	486957	1		830109487	545	0			0				0		
QPRV00034910_00213	QPRV00034910	0	510536	130	1305417	1		830109487	093	0			0				0		025
QPRV00034910_00214	QPRV00034910	0	510536	130	42185	1		830109487	098	0			0				0		900
QPRV00034910_00215	QPRV00034910	0	520536	130	660860	1		830109487	170	0			0				0		
QPRV00034910_00216	QPRV00034910	0	510536	130	598989	1		830109487	098	0			0				0		999
QPRV00034910_00217	QPRV00034910	0	510536	130	197990	1		830109487	093	0			0				0		022
QPRV00034910_00218	QPRV00034910	0	520536	130	444118	1		830109487	850	0			0				0		
QPRV00034910_00219	QPRV00034910	0	520536	130	600910	1		830109487	151	0			0				0		
QPRV00034910_00220	QPRV00034910	0	510536	130	331426	1		830109487	093	0			0				0		009
QPRV00034910_00166	QPRV00034910	0	520536	130	963622	1		830109487	402	0			0				0		
