QPRF00028550_00001	QPRF00028550	0	51057040	SOLID	100	1		900336004	093	0			0				0		025
QPRF00028551_00003	QPRF00028551	0	51057040	SOLID	100	1		800229739	099	0			0				0		102
QPRF00028551_00002	QPRF00028551	0	52057040	SOLID	100	2		800229739	545	0			0				0		
QPRF00028551_00004	QPRF00028551	0	51057040	SOLID	300	2		800229739	100	0			0				0		028
QPRF00028551_00005	QPRF00028551	0	52057040	SOLID	100	2		800229739	510	0			0				0		
QPRF00028552_00006	QPRF00028552	0	51057240	I.C.B.F	469900	1		899999239	093	0			0				0		025
QPRF00028553_00007	QPRF00028553	0	51057240	SENA	313300	1		899999034	093	0			0				0		025
QPRF00028554_00010	QPRF00028554	0	52057240	C.C.F	228200	1		892399989	545	0			0				0		
QPRF00028554_00009	QPRF00028554	0	51057240	C.C.F	20700	1		892399989	098	0			0				0		900
QPRF00028554_00008	QPRF00028554	0	51057240	C.C.F	28200	1		892399989	098	0			0				0		999
QPRF00028554_00011	QPRF00028554	0	52057240	C.C.F	172400	1		892399989	541	0			0				0		
QPRF00028554_00013	QPRF00028554	0	52057240	C.C.F	296700	1		892399989	542	0			0				0		
QPRF00028554_00012	QPRF00028554	0	52057240	C.C.F	151400	1		892399989	543	0			0				0		
QPRF00028555_00014	QPRF00028555	0	52057240	C.C.F	135900	1		892200015	530	0			0				0		
QPRF00028555_00015	QPRF00028555	0	51057240	C.C.F	8600	1		892200015	098	0			0				0		900
QPRF00028556_00016	QPRF00028556	0	52057240	C.C.F	229000	1		892115006	560	0			0				0		
QPRF00028557_00017	QPRF00028557	0	52057240	C.C.F	179100	1		892000146	830	0			0				0		
QPRF00028558_00018	QPRF00028558	0	52057240	C.C.F	207900	1		891800213	850	0			0				0		
QPRF00028558_00019	QPRF00028558	0	51057240	C.C.F	41800	1		891800213	098	0			0				0		999
QPRF00028558_00021	QPRF00028558	0	52057240	C.C.F	161500	1		891800213	841	0			0				0		
QPRF00028558_00020	QPRF00028558	0	52057240	C.C.F	209400	1		891800213	851	0			0				0		
QPRF00028559_00022	QPRF00028559	0	52057240	C.C.F	318200	1		891780093	550	0			0				0		
QPRF00028560_00023	QPRF00028560	0	52057240	C.C.F	117500	1		891480000	601	0			0				0		
QPRF00028560_00024	QPRF00028560	0	52057240	C.C.F	30600	1		891480000	801	0			0				0		
QPRF00028561_00025	QPRF00028561	0	52057240	C.C.F	163100	1		891080005	410	0			0				0		
QPRF00028562_00026	QPRF00028562	0	52057240	C.C.F	454800	1		890900842	402	0			0				0		
QPRF00028562_00027	QPRF00028562	0	52057240	C.C.F	168800	1		890900842	403	0			0				0		
QPRF00028563_00028	QPRF00028563	0	52057240	C.C.F	93400	1		890806490	620	0			0				0		
QPRF00028564_00029	QPRF00028564	0	52057240	C.C.F	125900	1		890700148	802	0			0				0		
QPRF00028564_00030	QPRF00028564	0	52057240	C.C.F	241200	1		890700148	801	0			0				0		
QPRF00028565_00031	QPRF00028565	0	52057240	C.C.F	206600	1		890500516	711	0			0				0		
QPRF00028565_00032	QPRF00028565	0	52057240	C.C.F	92100	1		890500516	710	0			0				0		
QPRF00028565_00033	QPRF00028565	0	51057240	C.C.F	17200	1		890500516	098	0			0				0		900
QPRF00028566_00034	QPRF00028566	0	52057240	C.C.F	181800	1		890480023	512	0			0				0		
QPRF00028566_00035	QPRF00028566	0	52057240	C.C.F	171300	1		890480023	510	0			0				0		
QPRF00028566_00037	QPRF00028566	0	51057240	C.C.F	13800	1		890480023	098	0			0				0		900
QPRF00028566_00036	QPRF00028566	0	51057240	C.C.F	86800	1		890480023	099	0			0				0		510
QPRF00028567_00038	QPRF00028567	0	52057240	C.C.F	169400	1		890303208	201	0			0				0		
QPRF00028567_00039	QPRF00028567	0	51057240	C.C.F	28400	1		890303208	098	0			0				0		999
QPRF00028567_00040	QPRF00028567	0	51057240	C.C.F	64800	1		890303208	099	0			0				0		201
QPRF00028568_00041	QPRF00028568	0	52057240	C.C.F	28000	1		890201578	701	0			0				0		
QPRF00028568_00042	QPRF00028568	0	51057240	C.C.F	59600	1		890201578	099	0			0				0		702
QPRF00028569_00043	QPRF00028569	0	51057240	C.C.F	50200	1		890101994	098	0			0				0		999
QPRF00028569_00044	QPRF00028569	0	51057240	C.C.F	23900	1		890101994	098	0			0				0		900
QPRF00028569_00046	QPRF00028569	0	52057240	C.C.F	109600	1		890101994	503	0			0				0		
QPRF00028569_00045	QPRF00028569	0	52057240	C.C.F	358800	1		890101994	501	0			0				0		
QPRF00028569_00047	QPRF00028569	0	51057240	C.C.F	175000	1		890101994	099	0			0				0		501
QPRF00028570_00048	QPRF00028570	0	52057240	C.C.F	231100	1		890000381	610	0			0				0		
QPRF00028571_00049	QPRF00028571	0	51057240	C.C.F	38600	1		860066942	093	0			0				0		010
QPRF00028571_00050	QPRF00028571	0	51057240	C.C.F	643900	1		860066942	100	0			0				0		028
QPRF00028571_00051	QPRF00028571	0	51057240	C.C.F	56600	1		860066942	099	0			0				0		103
QPRF00028571_00052	QPRF00028571	0	52057240	C.C.F	398200	1		860066942	102	0			0				0		
QPRF00028571_00053	QPRF00028571	0	51057240	C.C.F	154800	1		860066942	093	0			0				0		009
QPRF00028571_00054	QPRF00028571	0	52057240	C.C.F	384100	1		860066942	104	0			0				0		
QPRF00028571_00055	QPRF00028571	0	52057240	C.C.F	49200	1		860066942	530	0			0				0		
QPRF00028571_00056	QPRF00028571	0	51057240	C.C.F	626600	1		860066942	093	0			0				0		025
QPRF00028571_00057	QPRF00028571	0	51057240	C.C.F	215500	1		860066942	099	0			0				0		151
QPRF00028571_00058	QPRF00028571	0	51057240	C.C.F	67500	1		860066942	093	0			0				0		023
QPRF00028571_00059	QPRF00028571	0	51057240	C.C.F	177500	1		860066942	093	0			0				0		014
QPRF00028571_00060	QPRF00028571	0	52057240	C.C.F	310500	1		860066942	170	0			0				0		
QPRF00028571_00061	QPRF00028571	0	51057240	C.C.F	30800	1		860066942	096	0			0				0		001
QPRF00028571_00062	QPRF00028571	0	51057240	C.C.F	156100	1		860066942	093	0			0				0		011
QPRF00028571_00063	QPRF00028571	0	51057240	C.C.F	211200	1		860066942	093	0			0				0		017
QPRF00028571_00064	QPRF00028571	0	51057240	C.C.F	112600	1		860066942	098	0			0				0		999
QPRF00028571_00065	QPRF00028571	0	51057240	C.C.F	142300	1		860066942	093	0			0				0		018
QPRF00028571_00066	QPRF00028571	0	51057240	C.C.F	396400	1		860066942	099	0			0				0		102
QPRF00028571_00067	QPRF00028571	0	51057240	C.C.F	188300	1		860066942	093	0			0				0		012
QPRF00028571_00068	QPRF00028571	0	52057240	C.C.F	306000	1		860066942	151	0			0				0		
QPRF00028571_00069	QPRF00028571	0	52057240	C.C.F	25800	1		860066942	701	0			0				0		
QPRF00028571_00070	QPRF00028571	0	51057240	C.C.F	87200	1		860066942	093	0			0				0		022
QPRF00028572_00071	QPRF00028572	0	51056940	EPS	80544	1		900462447	093	0			0				0		014
QPRF00028573_00072	QPRF00028573	0	51056940	EPS	80544	1		860066942	093	0			0				0		021
QPRF00028573_00077	QPRF00028573	0	52056940	EPS	100	2		860066942	102	0			0				0		
QPRF00028573_00076	QPRF00028573	0	51056940	EPS	161088	1		860066942	093	0			0				0		012
QPRF00028573_00075	QPRF00028573	0	51056940	EPS	200	1		860066942	099	0			0				0		151
QPRF00028573_00074	QPRF00028573	0	52056940	EPS	200	1		860066942	102	0			0				0		
QPRF00028573_00073	QPRF00028573	0	52056940	EPS	22	2		860066942	151	0			0				0		
QPRF00028574_00079	QPRF00028574	0	51056940	EPS	400	2		830003564	100	0			0				0		028
QPRF00028574_00078	QPRF00028574	0	51056940	EPS	100	1		830003564	098	0			0				0		900
QPRF00028574_00080	QPRF00028574	0	52056940	EPS	500	2		830003564	104	0			0				0		
QPRF00028575_00081	QPRF00028575	0	51056940	EPS	200	2		800251440	100	0			0				0		028
QPRF00028575_00082	QPRF00028575	0	52056940	EPS	26300	1		800251440	543	0			0				0		
QPRF00028575_00083	QPRF00028575	0	51056940	EPS	21500	1		800251440	093	0			0				0		012
QPRF00028575_00084	QPRF00028575	0	51056940	EPS	1331500	1		800251440	093	0			0				0		025
QPRF00028576_00086	QPRF00028576	0	52056940	EPS	300	1		800250119	801	0			0				0		
QPRF00028576_00085	QPRF00028576	0	52056940	EPS	400	2		800250119	841	0			0				0		
QPRF00028576_00087	QPRF00028576	0	51056940	EPS	200	2		800250119	100	0			0				0		028
QPRF00028576_00091	QPRF00028576	0	52056940	EPS	100	1		800250119	601	0			0				0		
QPRF00028576_00090	QPRF00028576	0	52056940	EPS	300	2		800250119	850	0			0				0		
QPRF00028576_00089	QPRF00028576	0	52056940	EPS	2800	1		800250119	201	0			0				0		
QPRF00028576_00088	QPRF00028576	0	52056940	EPS	900	2		800250119	610	0			0				0		
QPRF00028577_00092	QPRF00028577	0	51056940	EPS	100	1		800140949	098	0			0				0		900
QPRF00028577_00093	QPRF00028577	0	51056940	EPS	80544	1		800140949	093	0			0				0		018
QPRF00028578_00095	QPRF00028578	0	52056940	EPS	200	1		800088702	402	0			0				0		
QPRF00028578_00094	QPRF00028578	0	52056940	EPS	200	2		800088702	403	0			0				0		
QPRF00028578_00096	QPRF00028578	0	51056940	EPS	100	1		800088702	098	0			0				0		900
QPRF00028579_00097	QPRF00028579	0	52056803	ARP	67100	1		860002503	801	0			0				0		
QPRF00028579_00098	QPRF00028579	0	52056803	ARP	120947	1		860002503	560	0			0				0		
QPRF00028579_00099	QPRF00028579	0	52056803	ARP	87847	1		860002503	851	0			0				0		
QPRF00028579_00100	QPRF00028579	0	51056803	ARP	45000	1		860002503	093	0			0				0		014
QPRF00028579_00101	QPRF00028579	0	52056803	ARP	10700	1		860002503	701	0			0				0		
QPRF00028579_00102	QPRF00028579	0	51056803	ARP	6800	1		860002503	096	0			0				0		001
QPRF00028579_00103	QPRF00028579	0	51056803	ARP	4900	1		860002503	093	0			0				0		010
QPRF00028579_00104	QPRF00028579	0	52056803	ARP	53900	1		860002503	711	0			0				0		
QPRF00028579_00105	QPRF00028579	0	52056803	ARP	94400	1		860002503	542	0			0				0		
QPRF00028579_00106	QPRF00028579	0	51056803	ARP	14800	1		860002503	099	0			0				0		103
QPRF00028579_00107	QPRF00028579	0	51056803	ARP	10000	1		860002503	093	0			0				0		022
QPRF00028579_00108	QPRF00028579	0	52056803	ARP	58800	1		860002503	545	0			0				0		
QPRF00028579_00109	QPRF00028579	0	51056803	ARP	15600	1		860002503	099	0			0				0		702
QPRF00028579_00110	QPRF00028579	0	52056803	ARP	36400	1		860002503	201	0			0				0		
QPRF00028579_00111	QPRF00028579	0	52056803	ARP	36400	1		860002503	830	0			0				0		
QPRF00028579_00112	QPRF00028579	0	51056803	ARP	8300	1		860002503	093	0			0				0		023
QPRF00028579_00113	QPRF00028579	0	51056803	ARP	163500	1		860002503	099	0			0				0		102
QPRF00028579_00114	QPRF00028579	0	52056803	ARP	39600	1		860002503	543	0			0				0		
QPRF00028579_00115	QPRF00028579	0	51056803	ARP	101100	1		860002503	100	0			0				0		028
QPRF00028579_00116	QPRF00028579	0	52056803	ARP	44728	1		860002503	510	0			0				0		
QPRF00028579_00117	QPRF00028579	0	52056803	ARP	126228	1		860002503	170	0			0				0		
QPRF00028579_00118	QPRF00028579	0	52056803	ARP	69000	1		860002503	710	0			0				0		
QPRF00028579_00119	QPRF00028579	0	52056803	ARP	52200	1		860002503	850	0			0				0		
QPRF00028579_00120	QPRF00028579	0	52056803	ARP	24400	1		860002503	620	0			0				0		
QPRF00028579_00121	QPRF00028579	0	52056803	ARP	171700	1		860002503	102	0			0				0		
QPRF00028579_00122	QPRF00028579	0	52056803	ARP	96000	1		860002503	104	0			0				0		
QPRF00028579_00123	QPRF00028579	0	52056803	ARP	84900	1		860002503	403	0			0				0		
QPRF00028579_00124	QPRF00028579	0	51056803	ARP	21945	1		860002503	098	0			0				0		900
QPRF00028579_00125	QPRF00028579	0	51056803	ARP	47900	1		860002503	099	0			0				0		151
QPRF00028579_00126	QPRF00028579	0	51056803	ARP	16300	1		860002503	099	0			0				0		201
QPRF00028579_00127	QPRF00028579	0	52056803	ARP	194600	1		860002503	501	0			0				0		
QPRF00028579_00128	QPRF00028579	0	51056803	ARP	31200	1		860002503	093	0			0				0		017
QPRF00028579_00129	QPRF00028579	0	52056803	ARP	34300	1		860002503	841	0			0				0		
QPRF00028579_00130	QPRF00028579	0	51056803	ARP	108000	1		860002503	098	0			0				0		999
QPRF00028579_00131	QPRF00028579	0	51056803	ARP	27700	1		860002503	093	0			0				0		012
QPRF00028579_00132	QPRF00028579	0	52056803	ARP	42600	1		860002503	410	0			0				0		
QPRF00028579_00133	QPRF00028579	0	52056803	ARP	70900	1		860002503	512	0			0				0		
QPRF00028579_00134	QPRF00028579	0	52056803	ARP	91100	1		860002503	610	0			0				0		
QPRF00028579_00135	QPRF00028579	0	52056803	ARP	45900	1		860002503	530	0			0				0		
QPRF00028579_00136	QPRF00028579	0	51056803	ARP	10058	1		860002503	093	0			0				0		009
QPRF00028579_00137	QPRF00028579	0	52056803	ARP	200800	1		860002503	402	0			0				0		
QPRF00028579_00138	QPRF00028579	0	51056803	ARP	24400	1		860002503	093	0			0				0		011
QPRF00028579_00139	QPRF00028579	0	51056803	ARP	45700	1		860002503	099	0			0				0		501
QPRF00028579_00140	QPRF00028579	0	51056803	ARP	24500	1		860002503	093	0			0				0		025
QPRF00028579_00141	QPRF00028579	0	51056803	ARP	22700	1		860002503	099	0			0				0		510
QPRF00028579_00142	QPRF00028579	0	52056803	ARP	75400	1		860002503	802	0			0				0		
QPRF00028579_00143	QPRF00028579	0	51056803	ARP	29700	1		860002503	093	0			0				0		018
QPRF00028579_00144	QPRF00028579	0	52056803	ARP	58000	1		860002503	151	0			0				0		
QPRF00028579_00145	QPRF00028579	0	52056803	ARP	172930	1		860002503	550	0			0				0		
QPRF00028579_00146	QPRF00028579	0	52056803	ARP	26028	1		860002503	601	0			0				0		
QPRF00028579_00147	QPRF00028579	0	52056803	ARP	44600	1		860002503	541	0			0				0		
QPRF00028579_00148	QPRF00028579	0	52056803	ARP	28700	1		860002503	503	0			0				0		
QPRF00028580_00165	QPRF00028580	0	51057040	AFP	96000	1		900336004	099	0			0				0		510
QPRF00028580_00166	QPRF00028580	0	52057040	AFP	431900	1		900336004	610	0			0				0		
QPRF00028580_00163	QPRF00028580	0	52057040	AFP	44000	1		900336004	402	0			0				0		
QPRF00028580_00162	QPRF00028580	0	52057040	AFP	83200	1		900336004	512	0			0				0		
QPRF00028580_00161	QPRF00028580	0	52057040	AFP	77300	1		900336004	851	0			0				0		
QPRF00028580_00160	QPRF00028580	0	51057040	AFP	166800	1		900336004	093	0			0				0		018
QPRF00028580_00159	QPRF00028580	0	51057040	AFP	175600	1		900336004	098	0			0				0		999
QPRF00028580_00158	QPRF00028580	0	51057040	AFP	1879800	1		900336004	093	0			0				0		025
QPRF00028580_00157	QPRF00028580	0	52057040	AFP	352200	1		900336004	542	0			0				0		
QPRF00028580_00156	QPRF00028580	0	52057040	AFP	97400	1		900336004	102	0			0				0		
QPRF00028580_00155	QPRF00028580	0	51057040	AFP	116000	1		900336004	093	0			0				0		010
QPRF00028580_00154	QPRF00028580	0	52057040	AFP	283000	1		900336004	170	0			0				0		
QPRF00028580_00153	QPRF00028580	0	51057040	AFP	101800	1		900336004	093	0			0				0		014
QPRF00028580_00152	QPRF00028580	0	52057040	AFP	285000	1		900336004	501	0			0				0		
QPRF00028580_00151	QPRF00028580	0	52057040	AFP	194400	1		900336004	403	0			0				0		
QPRF00028580_00150	QPRF00028580	0	51057040	AFP	60800	1		900336004	093	0			0				0		012
QPRF00028580_00149	QPRF00028580	0	51057040	AFP	77300	1		900336004	093	0			0				0		009
QPRF00028580_00164	QPRF00028580	0	52057040	AFP	151200	1		900336004	503	0			0				0		
QPRF00028580_00167	QPRF00028580	0	52057040	AFP	99200	1		900336004	801	0			0				0		
QPRF00028581_00168	QPRF00028581	0	51057040	AFP	77300	1		800253055	093	0			0				0		009
QPRF00028582_00189	QPRF00028582	0	52057040	AFP	339600	1		800229739	545	0			0				0		
QPRF00028582_00190	QPRF00028582	0	51057040	AFP	414000	1		800229739	093	0			0				0		012
QPRF00028582_00191	QPRF00028582	0	51057040	AFP	61900	1		800229739	098	0			0				0		900
QPRF00028582_00192	QPRF00028582	0	51057040	AFP	343400	1		800229739	093	0			0				0		011
QPRF00028582_00193	QPRF00028582	0	52057040	AFP	217200	1		800229739	542	0			0				0		
QPRF00028582_00194	QPRF00028582	0	51057040	AFP	1431800	1		800229739	100	0			0				0		028
QPRF00028582_00195	QPRF00028582	0	51057040	AFP	150600	1		800229739	098	0			0				0		999
QPRF00028582_00196	QPRF00028582	0	52057040	AFP	145200	1		800229739	830	0			0				0		
QPRF00028582_00197	QPRF00028582	0	52057040	AFP	436400	1		800229739	510	0			0				0		
QPRF00028582_00198	QPRF00028582	0	52057040	AFP	84200	1		800229739	701	0			0				0		
QPRF00028582_00199	QPRF00028582	0	51057040	AFP	212800	1		800229739	099	0			0				0		501
QPRF00028582_00200	QPRF00028582	0	52057040	AFP	523200	1		800229739	711	0			0				0		
QPRF00028582_00201	QPRF00028582	0	52057040	AFP	286100	1		800229739	801	0			0				0		
QPRF00028582_00202	QPRF00028582	0	51057040	AFP	169800	1		800229739	099	0			0				0		103
QPRF00028582_00203	QPRF00028582	0	52057040	AFP	82800	1		800229739	620	0			0				0		
QPRF00028582_00204	QPRF00028582	0	52057040	AFP	404600	1		800229739	410	0			0				0		
QPRF00028582_00205	QPRF00028582	0	51057040	AFP	552000	1		800229739	093	0			0				0		017
QPRF00028582_00188	QPRF00028582	0	52057040	AFP	382200	1		800229739	841	0			0				0		
QPRF00028582_00187	QPRF00028582	0	51057040	AFP	217600	1		800229739	093	0			0				0		014
QPRF00028582_00186	QPRF00028582	0	52057040	AFP	532000	1		800229739	550	0			0				0		
QPRF00028582_00185	QPRF00028582	0	52057040	AFP	382200	1		800229739	201	0			0				0		
QPRF00028582_00184	QPRF00028582	0	52057040	AFP	364900	1		800229739	102	0			0				0		
QPRF00028582_00183	QPRF00028582	0	52057040	AFP	541500	1		800229739	170	0			0				0		
QPRF00028582_00182	QPRF00028582	0	52057040	AFP	542100	1		800229739	104	0			0				0		
QPRF00028582_00181	QPRF00028582	0	52057040	AFP	266000	1		800229739	802	0			0				0		
QPRF00028582_00180	QPRF00028582	0	52057040	AFP	123200	1		800229739	543	0			0				0		
QPRF00028582_00179	QPRF00028582	0	52057040	AFP	348000	1		800229739	151	0			0				0		
QPRF00028582_00178	QPRF00028582	0	51057040	AFP	554600	1		800229739	099	0			0				0		102
QPRF00028582_00206	QPRF00028582	0	51057040	AFP	90600	1		800229739	093	0			0				0		022
QPRF00028582_00176	QPRF00028582	0	51057040	AFP	194600	1		800229739	099	0			0				0		201
QPRF00028582_00175	QPRF00028582	0	52057040	AFP	201400	1		800229739	512	0			0				0		
QPRF00028582_00174	QPRF00028582	0	51057040	AFP	203200	1		800229739	099	0			0				0		151
QPRF00028582_00173	QPRF00028582	0	52057040	AFP	243500	1		800229739	541	0			0				0		
QPRF00028582_00172	QPRF00028582	0	51057040	AFP	309200	1		800229739	093	0			0				0		009
QPRF00028582_00171	QPRF00028582	0	51057040	AFP	92400	1		800229739	096	0			0				0		001
QPRF00028582_00170	QPRF00028582	0	52057040	AFP	842600	1		800229739	402	0			0				0		
QPRF00028582_00169	QPRF00028582	0	52057040	AFP	91200	1		800229739	710	0			0				0		
QPRF00028582_00177	QPRF00028582	0	52057040	AFP	260800	1		800229739	610	0			0				0		
QPRF00028583_00213	QPRF00028583	0	52057040	AFP	174200	1		800227940	541	0			0				0		
QPRF00028583_00214	QPRF00028583	0	51057040	AFP	124400	1		800227940	093	0			0				0		011
QPRF00028583_00215	QPRF00028583	0	52057040	AFP	100600	1		800227940	841	0			0				0		
QPRF00028583_00216	QPRF00028583	0	52057040	AFP	63400	1		800227940	151	0			0				0		
QPRF00028583_00217	QPRF00028583	0	52057040	AFP	357700	1		800227940	543	0			0				0		
QPRF00028583_00218	QPRF00028583	0	52057040	AFP	99400	1		800227940	710	0			0				0		
QPRF00028583_00219	QPRF00028583	0	51057040	AFP	284400	1		800227940	100	0			0				0		028
QPRF00028583_00220	QPRF00028583	0	52057040	AFP	297800	1		800227940	104	0			0				0		
QPRF00028583_00221	QPRF00028583	0	51057040	AFP	260200	1		800227940	093	0			0				0		018
QPRF00028583_00222	QPRF00028583	0	52057040	AFP	91800	1		800227940	801	0			0				0		
QPRF00028583_00223	QPRF00028583	0	51057040	AFP	210000	1		800227940	099	0			0				0		102
QPRF00028583_00207	QPRF00028583	0	52057040	AFP	84600	1		800227940	410	0			0				0		
QPRF00028583_00208	QPRF00028583	0	52057040	AFP	100800	1		800227940	530	0			0				0		
QPRF00028583_00209	QPRF00028583	0	52057040	AFP	224200	1		800227940	830	0			0				0		
QPRF00028583_00210	QPRF00028583	0	52057040	AFP	83400	1		800227940	402	0			0				0		
QPRF00028583_00211	QPRF00028583	0	52057040	AFP	341300	1		800227940	850	0			0				0		
QPRF00028583_00212	QPRF00028583	0	52057040	AFP	81800	1		800227940	620	0			0				0		
QPRF00028584_00224	QPRF00028584	0	51057040	AFP	424400	1		800224808	099	0			0				0		102
QPRF00028584_00263	QPRF00028584	0	51057040	AFP	164200	1		800224808	099	0			0				0		510
QPRF00028584_00226	QPRF00028584	0	52057040	AFP	189000	1		800224808	170	0			0				0		
QPRF00028584_00227	QPRF00028584	0	52057040	AFP	686900	1		800224808	560	0			0				0		
QPRF00028584_00228	QPRF00028584	0	51057040	AFP	213200	1		800224808	093	0			0				0		014
QPRF00028584_00229	QPRF00028584	0	52057040	AFP	137600	1		800224808	201	0			0				0		
QPRF00028584_00230	QPRF00028584	0	52057040	AFP	168000	1		800224808	830	0			0				0		
QPRF00028584_00231	QPRF00028584	0	51057040	AFP	90400	1		800224808	093	0			0				0		012
QPRF00028584_00232	QPRF00028584	0	51057040	AFP	248800	1		800224808	100	0			0				0		028
QPRF00028584_00233	QPRF00028584	0	52057040	AFP	358400	1		800224808	601	0			0				0		
QPRF00028584_00234	QPRF00028584	0	52057040	AFP	422100	1		800224808	550	0			0				0		
QPRF00028584_00235	QPRF00028584	0	52057040	AFP	550800	1		800224808	851	0			0				0		
QPRF00028584_00236	QPRF00028584	0	52057040	AFP	85400	1		800224808	710	0			0				0		
QPRF00028584_00237	QPRF00028584	0	52057040	AFP	454600	1		800224808	530	0			0				0		
QPRF00028584_00238	QPRF00028584	0	52057040	AFP	260200	1		800224808	512	0			0				0		
QPRF00028584_00239	QPRF00028584	0	52057040	AFP	791800	1		800224808	501	0			0				0		
QPRF00028584_00240	QPRF00028584	0	52057040	AFP	344600	1		800224808	545	0			0				0		
QPRF00028584_00241	QPRF00028584	0	52057040	AFP	77300	1		800224808	701	0			0				0		
QPRF00028584_00242	QPRF00028584	0	52057040	AFP	111400	1		800224808	802	0			0				0		
QPRF00028584_00243	QPRF00028584	0	52057040	AFP	115600	1		800224808	620	0			0				0		
QPRF00028584_00244	QPRF00028584	0	51057040	AFP	179000	1		800224808	099	0			0				0		702
QPRF00028584_00245	QPRF00028584	0	52057040	AFP	340200	1		800224808	801	0			0				0		
QPRF00028584_00246	QPRF00028584	0	52057040	AFP	96400	1		800224808	711	0			0				0		
QPRF00028584_00247	QPRF00028584	0	52057040	AFP	310600	1		800224808	104	0			0				0		
QPRF00028584_00248	QPRF00028584	0	52057040	AFP	99600	1		800224808	541	0			0				0		
QPRF00028584_00249	QPRF00028584	0	52057040	AFP	77300	1		800224808	510	0			0				0		
QPRF00028584_00250	QPRF00028584	0	52057040	AFP	738800	1		800224808	102	0			0				0		
QPRF00028584_00251	QPRF00028584	0	52057040	AFP	337400	1		800224808	542	0			0				0		
QPRF00028584_00252	QPRF00028584	0	52057040	AFP	406800	1		800224808	402	0			0				0		
QPRF00028584_00253	QPRF00028584	0	52057040	AFP	311600	1		800224808	403	0			0				0		
QPRF00028584_00254	QPRF00028584	0	51057040	AFP	317400	1		800224808	099	0			0				0		501
QPRF00028584_00255	QPRF00028584	0	51057040	AFP	444000	1		800224808	099	0			0				0		151
QPRF00028584_00256	QPRF00028584	0	52057040	AFP	326000	1		800224808	151	0			0				0		
QPRF00028584_00257	QPRF00028584	0	52057040	AFP	281200	1		800224808	850	0			0				0		
QPRF00028584_00258	QPRF00028584	0	51057040	AFP	202600	1		800224808	093	0			0				0		023
QPRF00028584_00259	QPRF00028584	0	51057040	AFP	81600	1		800224808	093	0			0				0		017
QPRF00028584_00260	QPRF00028584	0	51057040	AFP	171200	1		800224808	093	0			0				0		022
QPRF00028584_00261	QPRF00028584	0	51057040	AFP	190400	1		800224808	098	0			0				0		900
QPRF00028584_00262	QPRF00028584	0	52057040	AFP	177600	1		800224808	503	0			0				0		
QPRF00028584_00225	QPRF00028584	0	51057040	AFP	488400	1		800224808	098	0			0				0		999
