QPRV00034887_00001	QPRV00034887	0	510533	190	52025	1		830109487	093	0			0				0		009
QPRV00034887_00052	QPRV00034887	0	520533	190	80630	1		830109487	801	0			0				0		
QPRV00034887_00003	QPRV00034887	0	520533	190	37089	1		830109487	620	0			0				0		
QPRV00034887_00004	QPRV00034887	0	520533	190	10800	1		830109487	802	0			0				0		
QPRV00034887_00005	QPRV00034887	0	510533	190	23383	1		830109487	099	0			0				0		201
QPRV00034887_00006	QPRV00034887	0	520533	190	13471	1		830109487	403	0			0				0		
QPRV00034887_00007	QPRV00034887	0	510533	190	41136	1		830109487	098	0			0				0		999
QPRV00034887_00008	QPRV00034887	0	510533	190	64699	1		830109487	093	0			0				0		014
QPRV00034887_00009	QPRV00034887	0	510533	190	47574	1		830109487	099	0			0				0		151
QPRV00034887_00010	QPRV00034887	0	520533	190	17952	1		830109487	543	0			0				0		
QPRV00034887_00011	QPRV00034887	0	520533	190	39509	1		830109487	410	0			0				0		
QPRV00034887_00012	QPRV00034887	0	520533	190	43568	1		830109487	601	0			0				0		
QPRV00034887_00013	QPRV00034887	0	520533	190	47601	2		830109487	402	0			0				0		
QPRV00034887_00014	QPRV00034887	0	510533	190	50074	1		830109487	093	0			0				0		011
QPRV00034887_00015	QPRV00034887	0	510533	190	14028	1		830109487	099	0			0				0		702
QPRV00034887_00016	QPRV00034887	0	510533	190	97063	1		830109487	099	0			0				0		102
QPRV00034887_00017	QPRV00034887	0	520533	190	54084	1		830109487	402	0			0				0		
QPRV00034887_00018	QPRV00034887	0	520533	190	47027	1		830109487	545	0			0				0		
QPRV00034887_00019	QPRV00034887	0	510533	190	22842	1		830109487	093	0			0				0		023
QPRV00034887_00020	QPRV00034887	0	510533	190	12968	1		830109487	093	0			0				0		010
QPRV00034887_00021	QPRV00034887	0	510533	190	11151	1		830109487	096	0			0				0		001
QPRV00034887_00022	QPRV00034887	0	510533	190	4298	1		830109487	098	0			0				0		900
QPRV00034887_00023	QPRV00034887	0	520533	190	53314	1		830109487	560	0			0				0		
QPRV00034887_00024	QPRV00034887	0	520533	190	56648	1		830109487	711	0			0				0		
QPRV00034887_00025	QPRV00034887	0	520533	190	7560	1		830109487	550	0			0				0		
QPRV00034887_00026	QPRV00034887	0	520533	190	61508	1		830109487	151	0			0				0		
QPRV00034887_00027	QPRV00034887	0	510533	190	62135	1		830109487	093	0			0				0		017
QPRV00034887_00028	QPRV00034887	0	520533	190	50817	1		830109487	610	0			0				0		
QPRV00034887_00029	QPRV00034887	0	520533	190	16397	1		830109487	701	0			0				0		
QPRV00034887_00030	QPRV00034887	0	520533	190	70545	1		830109487	851	0			0				0		
QPRV00034887_00031	QPRV00034887	0	520533	190	83372	1		830109487	541	0			0				0		
QPRV00034887_00032	QPRV00034887	0	520533	190	39081	1		830109487	542	0			0				0		
QPRV00034887_00033	QPRV00034887	0	520533	190	24330	1		830109487	540	0			0				0		
QPRV00034887_00034	QPRV00034887	0	520533	190	38255	1		830109487	530	0			0				0		
QPRV00034887_00035	QPRV00034887	0	510533	190	29316	1		830109487	093	0			0				0		022
QPRV00034887_00036	QPRV00034887	0	510533	190	11036	1		830109487	099	0			0				0		510
QPRV00034887_00037	QPRV00034887	0	510533	190	29661	1		830109487	099	0			0				0		103
QPRV00034887_00038	QPRV00034887	0	510533	190	195813	1		830109487	093	0			0				0		025
QPRV00034887_00039	QPRV00034887	0	520533	190	51644	1		830109487	510	0			0				0		
QPRV00034887_00040	QPRV00034887	0	520533	190	42454	1		830109487	830	0			0				0		
QPRV00034887_00041	QPRV00034887	0	520533	190	31335	1		830109487	501	0			0				0		
QPRV00034887_00042	QPRV00034887	0	520533	190	60796	1		830109487	201	0			0				0		
QPRV00034887_00043	QPRV00034887	0	510533	190	64888	1		830109487	093	0			0				0		012
QPRV00034887_00044	QPRV00034887	0	520533	190	10855	1		830109487	109	0			0				0		
QPRV00034887_00045	QPRV00034887	0	520533	190	31186	1		830109487	841	0			0				0		
QPRV00034887_00046	QPRV00034887	0	510533	190	36918	1		830109487	093	0			0				0		018
QPRV00034887_00047	QPRV00034887	0	510533	190	29791	1		830109487	099	0			0				0		501
QPRV00034887_00048	QPRV00034887	0	520533	190	61825	1		830109487	850	0			0				0		
QPRV00034887_00049	QPRV00034887	0	520533	190	88451	1		830109487	102	0			0				0		
QPRV00034887_00050	QPRV00034887	0	520533	190	53126	1		830109487	104	0			0				0		
QPRV00034887_00051	QPRV00034887	0	510533	190	207574	1		830109487	100	0			0				0		028
QPRV00034887_00002	QPRV00034887	0	520533	190	19347	1		830109487	710	0			0				0		
QPRV00034888_00053	QPRV00034888	0	52053040	175	393131	1		830109487	850	0			0				0		
QPRV00034888_00054	QPRV00034888	0	52053040	175	331380	1		830109487	410	0			0				0		
QPRV00034888_00055	QPRV00034888	0	52053040	175	640913	1		830109487	501	0			0				0		
QPRV00034888_00056	QPRV00034888	0	51053040	175	196138	1		830109487	093	0			0				0		022
QPRV00034888_00057	QPRV00034888	0	52053040	175	199255	1		830109487	550	0			0				0		
QPRV00034888_00058	QPRV00034888	0	52053040	175	347232	1		830109487	610	0			0				0		
QPRV00034888_00059	QPRV00034888	0	52053040	175	198935	1		830109487	540	0			0				0		
QPRV00034888_00060	QPRV00034888	0	52053040	175	322412	1		830109487	510	0			0				0		
QPRV00034888_00061	QPRV00034888	0	51053040	175	432555	1		830109487	093	0			0				0		012
QPRV00034888_00062	QPRV00034888	0	52053040	175	680012	2		830109487	402	0			0				0		
QPRV00034888_00063	QPRV00034888	0	51053040	175	1538163	1		830109487	100	0			0				0		028
QPRV00034888_00064	QPRV00034888	0	52053040	175	582787	1		830109487	801	0			0				0		
QPRV00034888_00065	QPRV00034888	0	52053040	175	334763	1		830109487	601	0			0				0		
QPRV00034888_00066	QPRV00034888	0	51053040	175	432422	1		830109487	093	0			0				0		014
QPRV00034888_00067	QPRV00034888	0	51053040	175	86667	1		830109487	093	0			0				0		010
QPRV00034888_00068	QPRV00034888	0	51053040	175	102310	1		830109487	099	0			0				0		702
QPRV00034888_00069	QPRV00034888	0	51053040	175	151766	1		830109487	093	0			0				0		023
QPRV00034888_00070	QPRV00034888	0	51053040	175	246333	1		830109487	093	0			0				0		018
QPRV00034888_00071	QPRV00034888	0	52053040	175	257973	1		830109487	620	0			0				0		
QPRV00034888_00072	QPRV00034888	0	51053040	175	249116	1		830109487	099	0			0				0		103
QPRV00034888_00073	QPRV00034888	0	52053040	175	456614	1		830109487	830	0			0				0		
QPRV00034888_00074	QPRV00034888	0	52053040	175	401361	1		830109487	530	0			0				0		
QPRV00034888_00075	QPRV00034888	0	51053040	175	170765	1		830109487	099	0			0				0		201
QPRV00034888_00076	QPRV00034888	0	52053040	175	454158	1		830109487	851	0			0				0		
QPRV00034888_00077	QPRV00034888	0	52053040	175	874125	1		830109487	541	0			0				0		
QPRV00034888_00078	QPRV00034888	0	52053040	175	279963	1		830109487	542	0			0				0		
QPRV00034888_00079	QPRV00034888	0	52053040	175	472678	1		830109487	201	0			0				0		
QPRV00034888_00080	QPRV00034888	0	52053040	175	601158	1		830109487	104	0			0				0		
QPRV00034888_00081	QPRV00034888	0	51053040	175	458973	1		830109487	099	0			0				0		151
QPRV00034888_00082	QPRV00034888	0	52053040	175	378737	1		830109487	402	0			0				0		
QPRV00034888_00083	QPRV00034888	0	52053040	175	143553	1		830109487	710	0			0				0		
QPRV00034888_00084	QPRV00034888	0	52053040	175	327321	1		830109487	545	0			0				0		
QPRV00034888_00085	QPRV00034888	0	52053040	175	236114	1		830109487	841	0			0				0		
QPRV00034888_00086	QPRV00034888	0	51053040	175	337767	1		830109487	098	0			0				0		900
QPRV00034888_00087	QPRV00034888	0	51053040	175	73565	1		830109487	099	0			0				0		510
QPRV00034888_00088	QPRV00034888	0	51053040	175	239435	1		830109487	099	0			0				0		501
QPRV00034888_00089	QPRV00034888	0	51053040	175	346840	1		830109487	093	0			0				0		009
QPRV00034888_00090	QPRV00034888	0	52053040	175	540029	1		830109487	560	0			0				0		
QPRV00034888_00091	QPRV00034888	0	51053040	175	333839	1		830109487	093	0			0				0		011
QPRV00034888_00092	QPRV00034888	0	52053040	175	637660	1		830109487	102	0			0				0		
QPRV00034888_00093	QPRV00034888	0	52053040	175	175397	1		830109487	109	0			0				0		
QPRV00034888_00094	QPRV00034888	0	52053040	175	237992	1		830109487	543	0			0				0		
QPRV00034888_00095	QPRV00034888	0	51053040	175	77992	1		830109487	096	0			0				0		001
QPRV00034888_00096	QPRV00034888	0	51053040	175	640153	1		830109487	099	0			0				0		102
QPRV00034888_00097	QPRV00034888	0	52053040	175	484449	1		830109487	151	0			0				0		
QPRV00034888_00098	QPRV00034888	0	51053040	175	445324	1		830109487	093	0			0				0		017
QPRV00034888_00099	QPRV00034888	0	52053040	175	402265	1		830109487	711	0			0				0		
QPRV00034888_00100	QPRV00034888	0	52053040	175	151044	1		830109487	802	0			0				0		
QPRV00034888_00101	QPRV00034888	0	52053040	175	117951	1		830109487	701	0			0				0		
QPRV00034888_00102	QPRV00034888	0	52053040	175	217708	1		830109487	403	0			0				0		
QPRV00034888_00103	QPRV00034888	0	51053040	175	1305416	1		830109487	093	0			0				0		025
QPRV00034888_00104	QPRV00034888	0	51053040	175	393311	1		830109487	098	0			0				0		999
QPRV00034889_00105	QPRV00034889	0	520539	145	90059	1		830109487	510	0			0				0		
QPRV00034889_00153	QPRV00034889	0	510539	145	186492	1		830109487	099	0			0				0		151
QPRV00034889_00107	QPRV00034889	0	520539	145	272346	1		830109487	560	0			0				0		
QPRV00034889_00108	QPRV00034889	0	510539	145	30507	1		830109487	096	0			0				0		001
QPRV00034889_00109	QPRV00034889	0	510539	145	221923	1		830109487	098	0			0				0		999
QPRV00034889_00110	QPRV00034889	0	520539	145	111085	1		830109487	801	0			0				0		
QPRV00034889_00111	QPRV00034889	0	520539	145	77900	1		830109487	542	0			0				0		
QPRV00034889_00112	QPRV00034889	0	520539	145	73884	1		830109487	710	0			0				0		
QPRV00034889_00113	QPRV00034889	0	510539	145	220000	1		830109487	093	0			0				0		017
QPRV00034889_00114	QPRV00034889	0	510539	145	34344	1		830109487	099	0			0				0		510
QPRV00034889_00115	QPRV00034889	0	520539	145	139542	1		830109487	541	0			0				0		
QPRV00034889_00116	QPRV00034889	0	520539	145	162168	1		830109487	410	0			0				0		
QPRV00034889_00117	QPRV00034889	0	520539	145	54335	1		830109487	701	0			0				0		
QPRV00034889_00118	QPRV00034889	0	520539	145	294923	1		830109487	501	0			0				0		
QPRV00034889_00119	QPRV00034889	0	520539	145	73394	1		830109487	802	0			0				0		
QPRV00034889_00120	QPRV00034889	0	510539	145	201003	1		830109487	093	0			0				0		014
QPRV00034889_00121	QPRV00034889	0	510539	145	70333	1		830109487	093	0			0				0		023
QPRV00034889_00122	QPRV00034889	0	520539	145	189711	1		830109487	851	0			0				0		
QPRV00034889_00123	QPRV00034889	0	520539	145	108299	1		830109487	543	0			0				0		
QPRV00034889_00124	QPRV00034889	0	520539	145	77611	1		830109487	109	0			0				0		
QPRV00034889_00125	QPRV00034889	0	520539	145	271186	1		830109487	104	0			0				0		
QPRV00034889_00126	QPRV00034889	0	510539	145	226951	1		830109487	099	0			0				0		102
QPRV00034889_00127	QPRV00034889	0	520539	145	531546	1		830109487	151	0			0				0		
QPRV00034889_00128	QPRV00034889	0	510539	145	781437	1		830109487	100	0			0				0		028
QPRV00034889_00129	QPRV00034889	0	510539	145	117676	1		830109487	099	0			0				0		103
QPRV00034889_00130	QPRV00034889	0	510539	145	11747	1		830109487	099	0			0				0		702
QPRV00034889_00131	QPRV00034889	0	520539	145	245058	1		830109487	545	0			0				0		
QPRV00034889_00132	QPRV00034889	0	520539	145	213147	1		830109487	830	0			0				0		
QPRV00034889_00133	QPRV00034889	0	520539	145	324770	1		830109487	102	0			0				0		
QPRV00034889_00134	QPRV00034889	0	510539	145	151650	1		830109487	098	0			0				0		900
QPRV00034889_00135	QPRV00034889	0	510539	145	144222	1		830109487	093	0			0				0		018
QPRV00034889_00136	QPRV00034889	0	510539	145	111531	1		830109487	099	0			0				0		501
QPRV00034889_00137	QPRV00034889	0	520539	145	194666	1		830109487	530	0			0				0		
QPRV00034889_00138	QPRV00034889	0	520539	145	117504	1		830109487	550	0			0				0		
QPRV00034889_00139	QPRV00034889	0	520539	145	46899	1		830109487	841	0			0				0		
QPRV00034889_00140	QPRV00034889	0	510539	145	161087	1		830109487	093	0			0				0		009
QPRV00034889_00141	QPRV00034889	0	520539	145	268588	1		830109487	201	0			0				0		
QPRV00034889_00142	QPRV00034889	0	520539	145	25772	1		830109487	540	0			0				0		
QPRV00034889_00143	QPRV00034889	0	520539	145	202133	1		830109487	601	0			0				0		
QPRV00034889_00144	QPRV00034889	0	510539	145	204459	1		830109487	093	0			0				0		012
QPRV00034889_00145	QPRV00034889	0	520539	145	312005	1		830109487	402	0			0				0		
QPRV00034889_00146	QPRV00034889	0	520539	145	144616	1		830109487	711	0			0				0		
QPRV00034889_00147	QPRV00034889	0	510539	145	40250	1		830109487	093	0			0				0		010
QPRV00034889_00148	QPRV00034889	0	510539	145	160959	1		830109487	093	0			0				0		011
QPRV00034889_00149	QPRV00034889	0	520539	145	88262	1		830109487	850	0			0				0		
QPRV00034889_00150	QPRV00034889	0	520539	145	122833	1		830109487	620	0			0				0		
QPRV00034889_00151	QPRV00034889	0	520539	145	287533	1		830109487	610	0			0				0		
QPRV00034889_00152	QPRV00034889	0	520539	145	102684	1		830109487	403	0			0				0		
QPRV00034889_00106	QPRV00034889	0	510539	145	59417	1		830109487	093	0			0				0		022
QPRV00034890_00154	QPRV00034890	0	510536	130	348022	1		830109487	098	0			0				0		900
QPRV00034890_00205	QPRV00034890	0	520536	130	404186	1		830109487	545	0			0				0		
QPRV00034890_00156	QPRV00034890	0	520536	130	640941	1		830109487	501	0			0				0		
QPRV00034890_00157	QPRV00034890	0	520536	130	175398	1		830109487	109	0			0				0		
QPRV00034890_00158	QPRV00034890	0	520536	130	151044	1		830109487	802	0			0				0		
QPRV00034890_00159	QPRV00034890	0	510536	130	249116	1		830109487	099	0			0				0		103
QPRV00034890_00160	QPRV00034890	0	520536	130	472634	1		830109487	201	0			0				0		
QPRV00034890_00161	QPRV00034890	0	510536	130	432555	1		830109487	093	0			0				0		012
QPRV00034890_00162	QPRV00034890	0	520536	130	347230	1		830109487	610	0			0				0		
QPRV00034890_00163	QPRV00034890	0	520536	130	583938	1		830109487	801	0			0				0		
QPRV00034890_00164	QPRV00034890	0	520536	130	241995	1		830109487	403	0			0				0		
QPRV00034890_00165	QPRV00034890	0	520536	130	454160	1		830109487	851	0			0				0		
QPRV00034890_00166	QPRV00034890	0	520536	130	279962	1		830109487	542	0			0				0		
QPRV00034890_00167	QPRV00034890	0	510536	130	196138	1		830109487	093	0			0				0		022
QPRV00034890_00168	QPRV00034890	0	510536	130	464615	1		830109487	098	0			0				0		999
QPRV00034890_00169	QPRV00034890	0	510536	130	1305416	1		830109487	093	0			0				0		025
QPRV00034890_00170	QPRV00034890	0	520536	130	198935	1		830109487	540	0			0				0		
QPRV00034890_00171	QPRV00034890	0	510536	130	73565	1		830109487	099	0			0				0		510
QPRV00034890_00172	QPRV00034890	0	520536	130	340504	1		830109487	410	0			0				0		
QPRV00034890_00173	QPRV00034890	0	520536	130	560623	1		830109487	151	0			0				0		
QPRV00034890_00174	QPRV00034890	0	510536	130	77992	1		830109487	096	0			0				0		001
QPRV00034890_00175	QPRV00034890	0	520536	130	393131	1		830109487	850	0			0				0		
QPRV00034890_00176	QPRV00034890	0	520536	130	318569	1		830109487	541	0			0				0		
QPRV00034890_00177	QPRV00034890	0	520536	130	143551	1		830109487	710	0			0				0		
QPRV00034890_00178	QPRV00034890	0	520536	130	402264	1		830109487	711	0			0				0		
QPRV00034890_00179	QPRV00034890	0	520536	130	711546	1		830109487	102	0			0				0		
QPRV00034890_00180	QPRV00034890	0	510536	130	333839	1		830109487	093	0			0				0		011
QPRV00034890_00181	QPRV00034890	0	520536	130	601159	1		830109487	104	0			0				0		
QPRV00034890_00182	QPRV00034890	0	520536	130	254878	1		830109487	550	0			0				0		
QPRV00034890_00183	QPRV00034890	0	520536	130	401361	1		830109487	530	0			0				0		
QPRV00034890_00184	QPRV00034890	0	510536	130	239476	1		830109487	099	0			0				0		501
QPRV00034890_00185	QPRV00034890	0	520536	130	322409	1		830109487	510	0			0				0		
QPRV00034890_00186	QPRV00034890	0	520536	130	117951	1		830109487	701	0			0				0		
QPRV00034890_00187	QPRV00034890	0	510536	130	346840	1		830109487	093	0			0				0		009
QPRV00034890_00188	QPRV00034890	0	520536	130	528913	1		830109487	402	0			0				0		
QPRV00034890_00189	QPRV00034890	0	510536	130	432423	1		830109487	093	0			0				0		014
QPRV00034890_00190	QPRV00034890	0	510536	130	170765	1		830109487	099	0			0				0		201
QPRV00034890_00191	QPRV00034890	0	520536	130	236114	1		830109487	841	0			0				0		
QPRV00034890_00192	QPRV00034890	0	510536	130	446168	1		830109487	093	0			0				0		017
QPRV00034890_00193	QPRV00034890	0	520536	130	334763	1		830109487	601	0			0				0		
QPRV00034890_00194	QPRV00034890	0	510536	130	1538163	1		830109487	100	0			0				0		028
QPRV00034890_00195	QPRV00034890	0	520536	130	472691	1		830109487	830	0			0				0		
QPRV00034890_00196	QPRV00034890	0	510536	130	459433	1		830109487	099	0			0				0		151
QPRV00034890_00197	QPRV00034890	0	510536	130	643230	1		830109487	099	0			0				0		102
QPRV00034890_00198	QPRV00034890	0	520536	130	237572	1		830109487	543	0			0				0		
QPRV00034890_00199	QPRV00034890	0	520536	130	80819	2		830109487	402	0			0				0		
QPRV00034890_00200	QPRV00034890	0	510536	130	303463	1		830109487	093	0			0				0		018
QPRV00034890_00201	QPRV00034890	0	510536	130	86666	1		830109487	093	0			0				0		010
QPRV00034890_00202	QPRV00034890	0	520536	130	565281	1		830109487	560	0			0				0		
QPRV00034890_00203	QPRV00034890	0	510536	130	102310	1		830109487	099	0			0				0		702
QPRV00034890_00204	QPRV00034890	0	520536	130	257974	1		830109487	620	0			0				0		
QPRV00034890_00155	QPRV00034890	0	510536	130	151767	1		830109487	093	0			0				0		023
