QPRF00028407_00001	QPRF00028407	0	51057040	SOLID	100	1		900336004	093	0			0				0		025
QPRF00028408_00002	QPRF00028408	0	51057040	SOLID	100	2		800229739	100	0			0				0		028
QPRF00028408_00003	QPRF00028408	0	52057040	SOLID	34400	1		800229739	151	0			0				0		
QPRF00028408_00004	QPRF00028408	0	51057040	SOLID	100	1		800229739	100	0			0				0		028
QPRF00028408_00005	QPRF00028408	0	52057040	SOLID	100	2		800229739	201	0			0				0		
QPRF00028409_00006	QPRF00028409	0	51057240	I.C.B.F	469900	1		899999239	093	0			0				0		025
QPRF00028410_00007	QPRF00028410	0	51057240	SENA	313300	1		899999034	093	0			0				0		025
QPRF00028411_00009	QPRF00028411	0	52057240	C.C.F	109400	1		892399989	543	0			0				0		
QPRF00028411_00010	QPRF00028411	0	52057240	C.C.F	98800	1		892399989	540	0			0				0		
QPRF00028411_00008	QPRF00028411	0	52057240	C.C.F	146100	1		892399989	541	0			0				0		
QPRF00028411_00011	QPRF00028411	0	52057240	C.C.F	187800	1		892399989	545	0			0				0		
QPRF00028411_00012	QPRF00028411	0	52057240	C.C.F	126100	1		892399989	542	0			0				0		
QPRF00028412_00013	QPRF00028412	0	52057240	C.C.F	128000	1		892200015	530	0			0				0		
QPRF00028413_00014	QPRF00028413	0	52057240	C.C.F	268000	1		892115006	560	0			0				0		
QPRF00028414_00015	QPRF00028414	0	52057240	C.C.F	231500	1		892000146	830	0			0				0		
QPRF00028415_00016	QPRF00028415	0	51057240	C.C.F	16300	1		891800213	098	0			0				0		900
QPRF00028415_00019	QPRF00028415	0	52057240	C.C.F	110300	1		891800213	841	0			0				0		
QPRF00028415_00018	QPRF00028415	0	52057240	C.C.F	174600	1		891800213	850	0			0				0		
QPRF00028415_00017	QPRF00028415	0	52057240	C.C.F	200100	1		891800213	851	0			0				0		
QPRF00028416_00020	QPRF00028416	0	52057240	C.C.F	122600	1		891780093	550	0			0				0		
QPRF00028417_00021	QPRF00028417	0	52057240	C.C.F	211400	1		891480000	601	0			0				0		
QPRF00028417_00022	QPRF00028417	0	52057240	C.C.F	31600	1		891480000	801	0			0				0		
QPRF00028418_00023	QPRF00028418	0	52057240	C.C.F	160500	1		891080005	410	0			0				0		
QPRF00028419_00025	QPRF00028419	0	52057240	C.C.F	262700	1		890900842	402	0			0				0		
QPRF00028419_00024	QPRF00028419	0	51057240	C.C.F	12500	1		890900842	098	0			0				0		900
QPRF00028419_00026	QPRF00028419	0	52057240	C.C.F	120200	1		890900842	403	0			0				0		
QPRF00028420_00027	QPRF00028420	0	52057240	C.C.F	117100	1		890806490	620	0			0				0		
QPRF00028421_00028	QPRF00028421	0	51057240	C.C.F	6400	1		890700148	098	0			0				0		900
QPRF00028421_00029	QPRF00028421	0	52057240	C.C.F	236800	1		890700148	801	0			0				0		
QPRF00028421_00030	QPRF00028421	0	52057240	C.C.F	72200	1		890700148	802	0			0				0		
QPRF00028422_00031	QPRF00028422	0	51057240	C.C.F	4500	1		890500516	098	0			0				0		900
QPRF00028422_00032	QPRF00028422	0	52057240	C.C.F	119300	1		890500516	710	0			0				0		
QPRF00028422_00033	QPRF00028422	0	51057240	C.C.F	28300	1		890500516	098	0			0				0		999
QPRF00028422_00034	QPRF00028422	0	52057240	C.C.F	178500	1		890500516	711	0			0				0		
QPRF00028423_00035	QPRF00028423	0	51057240	C.C.F	31000	1		890480023	098	0			0				0		900
QPRF00028423_00036	QPRF00028423	0	52057240	C.C.F	192500	1		890480023	510	0			0				0		
QPRF00028423_00037	QPRF00028423	0	51057240	C.C.F	32400	1		890480023	099	0			0				0		510
QPRF00028424_00039	QPRF00028424	0	52057240	C.C.F	225600	1		890303208	201	0			0				0		
QPRF00028424_00038	QPRF00028424	0	51057240	C.C.F	82000	1		890303208	099	0			0				0		201
QPRF00028425_00041	QPRF00028425	0	52057240	C.C.F	11500	1		890201578	701	0			0				0		
QPRF00028425_00040	QPRF00028425	0	51057240	C.C.F	46200	1		890201578	099	0			0				0		702
QPRF00028425_00042	QPRF00028425	0	51057240	C.C.F	36400	1		890201578	098	0			0				0		900
QPRF00028426_00043	QPRF00028426	0	51057240	C.C.F	112000	1		890101994	099	0			0				0		501
QPRF00028426_00044	QPRF00028426	0	51057240	C.C.F	28600	1		890101994	098	0			0				0		900
QPRF00028426_00045	QPRF00028426	0	52057240	C.C.F	326800	1		890101994	501	0			0				0		
QPRF00028427_00046	QPRF00028427	0	52057240	C.C.F	160000	1		890000381	610	0			0				0		
QPRF00028428_00047	QPRF00028428	0	51057240	C.C.F	741200	1		860066942	100	0			0				0		028
QPRF00028428_00048	QPRF00028428	0	51057240	C.C.F	208000	1		860066942	099	0			0				0		151
QPRF00028428_00049	QPRF00028428	0	51057240	C.C.F	297900	1		860066942	099	0			0				0		102
QPRF00028428_00050	QPRF00028428	0	51057240	C.C.F	180100	1		860066942	098	0			0				0		999
QPRF00028428_00051	QPRF00028428	0	51057240	C.C.F	87200	1		860066942	093	0			0				0		022
QPRF00028428_00052	QPRF00028428	0	52057240	C.C.F	76600	1		860066942	109	0			0				0		
QPRF00028428_00053	QPRF00028428	0	52057240	C.C.F	25800	1		860066942	701	0			0				0		
QPRF00028428_00054	QPRF00028428	0	51057240	C.C.F	211200	1		860066942	093	0			0				0		017
QPRF00028428_00055	QPRF00028428	0	51057240	C.C.F	191700	1		860066942	093	0			0				0		012
QPRF00028428_00056	QPRF00028428	0	52057240	C.C.F	303300	1		860066942	102	0			0				0		
QPRF00028428_00057	QPRF00028428	0	52057240	C.C.F	319800	1		860066942	151	0			0				0		
QPRF00028428_00058	QPRF00028428	0	51057240	C.C.F	116600	1		860066942	099	0			0				0		103
QPRF00028428_00059	QPRF00028428	0	51057240	C.C.F	67500	1		860066942	093	0			0				0		023
QPRF00028428_00060	QPRF00028428	0	51057240	C.C.F	626600	1		860066942	093	0			0				0		025
QPRF00028428_00061	QPRF00028428	0	52057240	C.C.F	58700	1		860066942	530	0			0				0		
QPRF00028428_00062	QPRF00028428	0	51057240	C.C.F	151900	1		860066942	093	0			0				0		011
QPRF00028428_00063	QPRF00028428	0	51057240	C.C.F	154800	1		860066942	093	0			0				0		009
QPRF00028428_00064	QPRF00028428	0	51057240	C.C.F	138400	1		860066942	093	0			0				0		018
QPRF00028428_00065	QPRF00028428	0	52057240	C.C.F	278200	1		860066942	104	0			0				0		
QPRF00028428_00066	QPRF00028428	0	51057240	C.C.F	34500	1		860066942	096	0			0				0		001
QPRF00028428_00067	QPRF00028428	0	51057240	C.C.F	17814	1		860066942	098	0			0				0		900
QPRF00028428_00068	QPRF00028428	0	51057240	C.C.F	38600	1		860066942	093	0			0				0		010
QPRF00028428_00069	QPRF00028428	0	51057240	C.C.F	192900	1		860066942	093	0			0				0		014
QPRF00028429_00070	QPRF00028429	0	51056940	EPS	80544	1		900462447	093	0			0				0		014
QPRF00028430_00071	QPRF00028430	0	51056940	EPS	100	1		899999026	098	0			0				0		900
QPRF00028431_00072	QPRF00028431	0	51056940	EPS	88053	1		860066942	093	0			0				0		012
QPRF00028431_00073	QPRF00028431	0	51056940	EPS	14	1		860066942	098	0			0				0		900
QPRF00028431_00074	QPRF00028431	0	52056940	EPS	73500	1		860066942	151	0			0				0		
QPRF00028431_00075	QPRF00028431	0	51056940	EPS	80544	1		860066942	093	0			0				0		021
QPRF00028432_00076	QPRF00028432	0	51056940	EPS	100	1		830003564	099	0			0				0		151
QPRF00028433_00077	QPRF00028433	0	51056940	EPS	1331500	1		800251440	093	0			0				0		025
QPRF00028434_00078	QPRF00028434	0	52056940	EPS	600	2		800250119	501	0			0				0		
QPRF00028434_00079	QPRF00028434	0	51056940	EPS	80544	1		800250119	093	0			0				0		018
QPRF00028435_00080	QPRF00028435	0	51056940	EPS	80544	1		800140949	093	0			0				0		018
QPRF00028436_00081	QPRF00028436	0	51056940	EPS	80544	1		800130907	093	0			0				0		010
QPRF00028436_00082	QPRF00028436	0	52056940	EPS	10320	1		800130907	402	0			0				0		
QPRF00028436_00083	QPRF00028436	0	52056940	EPS	25800	1		800130907	102	0			0				0		
QPRF00028437_00084	QPRF00028437	0	52056940	EPS	1000	1		800088702	402	0			0				0		
QPRF00028438_00085	QPRF00028438	0	52056803	ARP	112400	1		860002503	540	0			0				0		
QPRF00028438_00086	QPRF00028438	0	51056803	ARP	32500	1		860002503	093	0			0				0		018
QPRF00028438_00087	QPRF00028438	0	52056803	ARP	67500	1		860002503	104	0			0				0		
QPRF00028438_00088	QPRF00028438	0	51056803	ARP	52600	1		860002503	098	0			0				0		900
QPRF00028438_00089	QPRF00028438	0	51056803	ARP	8400	1		860002503	093	0			0				0		010
QPRF00028438_00090	QPRF00028438	0	51056803	ARP	21400	1		860002503	099	0			0				0		201
QPRF00028438_00091	QPRF00028438	0	52056803	ARP	203947	1		860002503	560	0			0				0		
QPRF00028438_00092	QPRF00028438	0	52056803	ARP	102300	1		860002503	151	0			0				0		
QPRF00028438_00093	QPRF00028438	0	52056803	ARP	41900	1		860002503	410	0			0				0		
QPRF00028438_00094	QPRF00028438	0	52056803	ARP	28600	1		860002503	610	0			0				0		
QPRF00028438_00095	QPRF00028438	0	51056803	ARP	30900	1		860002503	093	0			0				0		017
QPRF00028438_00096	QPRF00028438	0	52056803	ARP	48700	1		860002503	530	0			0				0		
QPRF00028438_00097	QPRF00028438	0	52056803	ARP	87000	1		860002503	830	0			0				0		
QPRF00028438_00098	QPRF00028438	0	52056803	ARP	68200	1		860002503	402	0			0				0		
QPRF00028438_00099	QPRF00028438	0	51056803	ARP	177000	1		860002503	098	0			0				0		999
QPRF00028438_00100	QPRF00028438	0	52056803	ARP	79300	1		860002503	201	0			0				0		
QPRF00028438_00101	QPRF00028438	0	51056803	ARP	7900	1		860002503	093	0			0				0		023
QPRF00028438_00102	QPRF00028438	0	52056803	ARP	55228	1		860002503	601	0			0				0		
QPRF00028438_00103	QPRF00028438	0	52056803	ARP	72700	1		860002503	550	0			0				0		
QPRF00028438_00104	QPRF00028438	0	52056803	ARP	31400	1		860002503	710	0			0				0		
QPRF00028438_00105	QPRF00028438	0	52056803	ARP	78000	1		860002503	403	0			0				0		
QPRF00028438_00106	QPRF00028438	0	52056803	ARP	70100	1		860002503	801	0			0				0		
QPRF00028438_00107	QPRF00028438	0	51056803	ARP	25200	1		860002503	099	0			0				0		103
QPRF00028438_00108	QPRF00028438	0	51056803	ARP	132700	1		860002503	099	0			0				0		151
QPRF00028438_00109	QPRF00028438	0	51056803	ARP	81800	1		860002503	093	0			0				0		025
QPRF00028438_00110	QPRF00028438	0	51056803	ARP	12000	1		860002503	099	0			0				0		702
QPRF00028438_00111	QPRF00028438	0	51056803	ARP	127600	1		860002503	100	0			0				0		028
QPRF00028438_00112	QPRF00028438	0	52056803	ARP	18800	1		860002503	802	0			0				0		
QPRF00028438_00113	QPRF00028438	0	51056803	ARP	119200	1		860002503	099	0			0				0		102
QPRF00028438_00114	QPRF00028438	0	51056803	ARP	23900	1		860002503	093	0			0				0		011
QPRF00028438_00115	QPRF00028438	0	52056803	ARP	28900	1		860002503	841	0			0				0		
QPRF00028438_00116	QPRF00028438	0	52056803	ARP	91700	1		860002503	851	0			0				0		
QPRF00028438_00117	QPRF00028438	0	51056803	ARP	9000	1		860002503	096	0			0				0		001
QPRF00028438_00118	QPRF00028438	0	51056803	ARP	32716	1		860002503	093	0			0				0		012
QPRF00028438_00119	QPRF00028438	0	52056803	ARP	28500	1		860002503	543	0			0				0		
QPRF00028438_00120	QPRF00028438	0	51056803	ARP	33756	1		860002503	093	0			0				0		009
QPRF00028438_00121	QPRF00028438	0	52056803	ARP	70900	1		860002503	542	0			0				0		
QPRF00028438_00122	QPRF00028438	0	52056803	ARP	28928	1		860002503	510	0			0				0		
QPRF00028438_00123	QPRF00028438	0	51056803	ARP	43500	1		860002503	093	0			0				0		014
QPRF00028438_00124	QPRF00028438	0	51056803	ARP	8900	1		860002503	093	0			0				0		022
QPRF00028438_00125	QPRF00028438	0	52056803	ARP	49000	1		860002503	545	0			0				0		
QPRF00028438_00126	QPRF00028438	0	52056803	ARP	6400	1		860002503	701	0			0				0		
QPRF00028438_00127	QPRF00028438	0	52056803	ARP	120028	1		860002503	102	0			0				0		
QPRF00028438_00128	QPRF00028438	0	52056803	ARP	38000	1		860002503	541	0			0				0		
QPRF00028438_00129	QPRF00028438	0	51056803	ARP	29200	1		860002503	099	0			0				0		501
QPRF00028438_00130	QPRF00028438	0	52056803	ARP	30600	1		860002503	620	0			0				0		
QPRF00028438_00131	QPRF00028438	0	52056803	ARP	45600	1		860002503	850	0			0				0		
QPRF00028438_00132	QPRF00028438	0	51056803	ARP	8400	1		860002503	099	0			0				0		510
QPRF00028438_00133	QPRF00028438	0	52056803	ARP	20000	1		860002503	109	0			0				0		
QPRF00028438_00134	QPRF00028438	0	52056803	ARP	124900	1		860002503	501	0			0				0		
QPRF00028438_00135	QPRF00028438	0	52056803	ARP	46300	1		860002503	711	0			0				0		
QPRF00028439_00136	QPRF00028439	0	52057040	AFP	77300	1		900336004	560	0			0				0		
QPRF00028439_00151	QPRF00028439	0	51057040	AFP	103400	1		900336004	096	0			0				0		001
QPRF00028439_00138	QPRF00028439	0	51057040	AFP	1879800	1		900336004	093	0			0				0		025
QPRF00028439_00139	QPRF00028439	0	52057040	AFP	80000	1		900336004	851	0			0				0		
QPRF00028439_00140	QPRF00028439	0	51057040	AFP	158200	1		900336004	093	0			0				0		018
QPRF00028439_00141	QPRF00028439	0	52057040	AFP	99000	1		900336004	102	0			0				0		
QPRF00028439_00142	QPRF00028439	0	51057040	AFP	116000	1		900336004	093	0			0				0		010
QPRF00028439_00143	QPRF00028439	0	51057040	AFP	77300	1		900336004	093	0			0				0		009
QPRF00028439_00144	QPRF00028439	0	52057040	AFP	310200	1		900336004	610	0			0				0		
QPRF00028439_00145	QPRF00028439	0	52057040	AFP	94200	1		900336004	801	0			0				0		
QPRF00028439_00146	QPRF00028439	0	51057040	AFP	37600	1		900336004	098	0			0				0		900
QPRF00028439_00147	QPRF00028439	0	51057040	AFP	101800	1		900336004	093	0			0				0		014
QPRF00028439_00148	QPRF00028439	0	51057040	AFP	97000	1		900336004	099	0			0				0		510
QPRF00028439_00149	QPRF00028439	0	52057040	AFP	282800	1		900336004	501	0			0				0		
QPRF00028439_00150	QPRF00028439	0	52057040	AFP	341400	1		900336004	601	0			0				0		
QPRF00028439_00137	QPRF00028439	0	51057040	AFP	93800	1		900336004	098	0			0				0		999
QPRF00028440_00152	QPRF00028440	0	51057040	AFP	77300	1		800253055	093	0			0				0		009
QPRF00028441_00153	QPRF00028441	0	52057040	AFP	315900	1		800229739	102	0			0				0		
QPRF00028441_00190	QPRF00028441	0	51057040	AFP	497800	1		800229739	093	0			0				0		012
QPRF00028441_00189	QPRF00028441	0	51057040	AFP	1389800	1		800229739	100	0			0				0		028
QPRF00028441_00188	QPRF00028441	0	52057040	AFP	237400	1		800229739	841	0			0				0		
QPRF00028441_00187	QPRF00028441	0	51057040	AFP	230400	1		800229739	099	0			0				0		501
QPRF00028441_00186	QPRF00028441	0	52057040	AFP	80800	1		800229739	542	0			0				0		
QPRF00028441_00185	QPRF00028441	0	52057040	AFP	170000	1		800229739	610	0			0				0		
QPRF00028441_00184	QPRF00028441	0	52057040	AFP	78400	1		800229739	701	0			0				0		
QPRF00028441_00183	QPRF00028441	0	52057040	AFP	266000	1		800229739	403	0			0				0		
QPRF00028441_00182	QPRF00028441	0	51057040	AFP	90600	1		800229739	093	0			0				0		022
QPRF00028441_00181	QPRF00028441	0	51057040	AFP	245800	1		800229739	099	0			0				0		201
QPRF00028441_00180	QPRF00028441	0	51057040	AFP	81700	1		800229739	098	0			0				0		900
QPRF00028441_00179	QPRF00028441	0	52057040	AFP	156000	1		800229739	543	0			0				0		
QPRF00028441_00178	QPRF00028441	0	51057040	AFP	282600	1		800229739	099	0			0				0		102
QPRF00028441_00177	QPRF00028441	0	52057040	AFP	334800	1		800229739	711	0			0				0		
QPRF00028441_00176	QPRF00028441	0	52057040	AFP	155200	1		800229739	501	0			0				0		
QPRF00028441_00175	QPRF00028441	0	52057040	AFP	89600	1		800229739	620	0			0				0		
QPRF00028441_00174	QPRF00028441	0	52057040	AFP	547000	1		800229739	104	0			0				0		
QPRF00028441_00154	QPRF00028441	0	51057040	AFP	282000	1		800229739	098	0			0				0		999
QPRF00028441_00155	QPRF00028441	0	52057040	AFP	295200	1		800229739	801	0			0				0		
QPRF00028441_00156	QPRF00028441	0	52057040	AFP	172400	1		800229739	402	0			0				0		
QPRF00028441_00157	QPRF00028441	0	52057040	AFP	400000	1		800229739	545	0			0				0		
QPRF00028441_00158	QPRF00028441	0	52057040	AFP	397400	1		800229739	410	0			0				0		
QPRF00028441_00159	QPRF00028441	0	52057040	AFP	329800	1		800229739	510	0			0				0		
QPRF00028441_00160	QPRF00028441	0	52057040	AFP	84400	1		800229739	541	0			0				0		
QPRF00028441_00161	QPRF00028441	0	51057040	AFP	309200	1		800229739	093	0			0				0		009
QPRF00028441_00162	QPRF00028441	0	52057040	AFP	394800	1		800229739	201	0			0				0		
QPRF00028441_00163	QPRF00028441	0	51057040	AFP	552000	1		800229739	093	0			0				0		017
QPRF00028441_00164	QPRF00028441	0	52057040	AFP	171600	1		800229739	550	0			0				0		
QPRF00028441_00165	QPRF00028441	0	51057040	AFP	150000	1		800229739	093	0			0				0		014
QPRF00028441_00166	QPRF00028441	0	52057040	AFP	768300	1		800229739	151	0			0				0		
QPRF00028441_00167	QPRF00028441	0	51057040	AFP	229400	1		800229739	099	0			0				0		103
QPRF00028441_00168	QPRF00028441	0	52057040	AFP	157400	1		800229739	830	0			0				0		
QPRF00028441_00169	QPRF00028441	0	52057040	AFP	274400	1		800229739	710	0			0				0		
QPRF00028441_00170	QPRF00028441	0	51057040	AFP	146000	1		800229739	099	0			0				0		151
QPRF00028441_00171	QPRF00028441	0	51057040	AFP	343400	1		800229739	093	0			0				0		011
QPRF00028441_00172	QPRF00028441	0	52057040	AFP	216200	1		800229739	802	0			0				0		
QPRF00028441_00173	QPRF00028441	0	52057040	AFP	122800	1		800229739	851	0			0				0		
QPRF00028442_00204	QPRF00028442	0	52057040	AFP	86800	1		800227940	530	0			0				0		
QPRF00028442_00208	QPRF00028442	0	52057040	AFP	205600	1		800227940	104	0			0				0		
QPRF00028442_00202	QPRF00028442	0	52057040	AFP	88000	1		800227940	540	0			0				0		
QPRF00028442_00201	QPRF00028442	0	51057040	AFP	224000	1		800227940	100	0			0				0		028
QPRF00028442_00200	QPRF00028442	0	51057040	AFP	120000	1		800227940	093	0			0				0		011
QPRF00028442_00199	QPRF00028442	0	52057040	AFP	187000	1		800227940	541	0			0				0		
QPRF00028442_00198	QPRF00028442	0	51057040	AFP	291600	1		800227940	099	0			0				0		102
QPRF00028442_00197	QPRF00028442	0	52057040	AFP	111400	1		800227940	711	0			0				0		
QPRF00028442_00196	QPRF00028442	0	52057040	AFP	281200	1		800227940	850	0			0				0		
QPRF00028442_00195	QPRF00028442	0	52057040	AFP	93800	1		800227940	841	0			0				0		
QPRF00028442_00194	QPRF00028442	0	52057040	AFP	85400	1		800227940	402	0			0				0		
QPRF00028442_00193	QPRF00028442	0	52057040	AFP	195800	1		800227940	830	0			0				0		
QPRF00028442_00192	QPRF00028442	0	52057040	AFP	90600	1		800227940	543	0			0				0		
QPRF00028442_00191	QPRF00028442	0	51057040	AFP	257200	1		800227940	093	0			0				0		018
QPRF00028442_00207	QPRF00028442	0	52057040	AFP	95000	1		800227940	801	0			0				0		
QPRF00028442_00206	QPRF00028442	0	52057040	AFP	122600	1		800227940	550	0			0				0		
QPRF00028442_00205	QPRF00028442	0	52057040	AFP	84200	1		800227940	410	0			0				0		
QPRF00028442_00203	QPRF00028442	0	52057040	AFP	89200	1		800227940	620	0			0				0		
QPRF00028443_00216	QPRF00028443	0	52057040	AFP	305200	1		800224808	542	0			0				0		
QPRF00028443_00217	QPRF00028443	0	51057040	AFP	81600	1		800224808	093	0			0				0		017
QPRF00028443_00218	QPRF00028443	0	51057040	AFP	340900	1		800224808	098	0			0				0		900
QPRF00028443_00219	QPRF00028443	0	52057040	AFP	94600	1		800224808	104	0			0				0		
QPRF00028443_00220	QPRF00028443	0	52057040	AFP	264800	1		800224808	151	0			0				0		
QPRF00028443_00221	QPRF00028443	0	51057040	AFP	105600	1		800224808	099	0			0				0		501
QPRF00028443_00222	QPRF00028443	0	51057040	AFP	202600	1		800224808	093	0			0				0		023
QPRF00028443_00223	QPRF00028443	0	52057040	AFP	92800	1		800224808	710	0			0				0		
QPRF00028443_00224	QPRF00028443	0	52057040	AFP	89000	1		800224808	711	0			0				0		
QPRF00028443_00225	QPRF00028443	0	52057040	AFP	341200	1		800224808	830	0			0				0		
QPRF00028443_00226	QPRF00028443	0	51057040	AFP	327200	1		800224808	093	0			0				0		014
QPRF00028443_00227	QPRF00028443	0	51057040	AFP	171200	1		800224808	093	0			0				0		022
QPRF00028443_00228	QPRF00028443	0	52057040	AFP	247300	1		800224808	510	0			0				0		
QPRF00028443_00229	QPRF00028443	0	52057040	AFP	282000	1		800224808	201	0			0				0		
QPRF00028443_00230	QPRF00028443	0	51057040	AFP	90400	1		800224808	093	0			0				0		012
QPRF00028443_00231	QPRF00028443	0	51057040	AFP	120400	1		800224808	099	0			0				0		103
QPRF00028443_00232	QPRF00028443	0	52057040	AFP	398000	1		800224808	851	0			0				0		
QPRF00028443_00233	QPRF00028443	0	51057040	AFP	480900	1		800224808	099	0			0				0		151
QPRF00028443_00234	QPRF00028443	0	52057040	AFP	600400	1		800224808	102	0			0				0		
QPRF00028443_00235	QPRF00028443	0	52057040	AFP	551000	1		800224808	501	0			0				0		
QPRF00028443_00236	QPRF00028443	0	52057040	AFP	167000	1		800224808	541	0			0				0		
QPRF00028443_00237	QPRF00028443	0	51057040	AFP	248600	1		800224808	098	0			0				0		999
QPRF00028443_00238	QPRF00028443	0	52057040	AFP	80200	1		800224808	550	0			0				0		
QPRF00028443_00239	QPRF00028443	0	52057040	AFP	94400	1		800224808	403	0			0				0		
QPRF00028443_00240	QPRF00028443	0	52057040	AFP	235400	1		800224808	109	0			0				0		
QPRF00028443_00241	QPRF00028443	0	52057040	AFP	250300	1		800224808	850	0			0				0		
QPRF00028443_00242	QPRF00028443	0	52057040	AFP	163200	1		800224808	545	0			0				0		
QPRF00028443_00243	QPRF00028443	0	52057040	AFP	587700	1		800224808	402	0			0				0		
QPRF00028443_00244	QPRF00028443	0	51057040	AFP	610200	1		800224808	100	0			0				0		028
QPRF00028443_00245	QPRF00028443	0	52057040	AFP	473400	1		800224808	530	0			0				0		
QPRF00028443_00246	QPRF00028443	0	52057040	AFP	88600	1		800224808	543	0			0				0		
QPRF00028443_00247	QPRF00028443	0	51057040	AFP	319800	1		800224808	099	0			0				0		102
QPRF00028443_00209	QPRF00028443	0	52057040	AFP	77300	1		800224808	701	0			0				0		
QPRF00028443_00210	QPRF00028443	0	51057040	AFP	138400	1		800224808	099	0			0				0		702
QPRF00028443_00211	QPRF00028443	0	52057040	AFP	754800	1		800224808	560	0			0				0		
QPRF00028443_00212	QPRF00028443	0	52057040	AFP	292500	1		800224808	601	0			0				0		
QPRF00028443_00213	QPRF00028443	0	52057040	AFP	175200	1		800224808	620	0			0				0		
QPRF00028443_00214	QPRF00028443	0	52057040	AFP	321200	1		800224808	801	0			0				0		
QPRF00028443_00215	QPRF00028443	0	52057040	AFP	213800	1		800224808	540	0			0				0		
