QPRV00034891_00002	QPRV00034891	0	261095	503	0	2		830109487	096	0			0				0		001
QPRV00034891_00001	QPRV00034891	0	52054501	503	0	1		830109487	096	0			0				0		001
QPRV00034892_00005	QPRV00034892	0	520533	190	58592	1		830109487	560	0			0				0		
QPRV00034892_00006	QPRV00034892	0	520533	190	34890	1		830109487	501	0			0				0		
QPRV00034892_00007	QPRV00034892	0	520533	190	12016	1		830109487	550	0			0				0		
QPRV00034892_00008	QPRV00034892	0	520533	190	73141	1		830109487	850	0			0				0		
QPRV00034892_00009	QPRV00034892	0	510533	190	58964	1		830109487	093	0			0				0		009
QPRV00034892_00010	QPRV00034892	0	510533	190	221921	1		830109487	093	0			0				0		025
QPRV00034892_00011	QPRV00034892	0	510533	190	32997	1		830109487	093	0			0				0		022
QPRV00034892_00012	QPRV00034892	0	520533	190	95280	1		830109487	801	0			0				0		
QPRV00034892_00013	QPRV00034892	0	520533	190	16120	1		830109487	540	0			0				0		
QPRV00034892_00014	QPRV00034892	0	510533	190	25986	1		830109487	093	0			0				0		023
QPRV00034892_00015	QPRV00034892	0	520533	190	64126	1		830109487	104	0			0				0		
QPRV00034892_00016	QPRV00034892	0	510533	190	43684	1		830109487	098	0			0				0		999
QPRV00034892_00017	QPRV00034892	0	520533	190	39093	1		830109487	830	0			0				0		
QPRV00034892_00018	QPRV00034892	0	520533	190	86107	1		830109487	102	0			0				0		
QPRV00034892_00019	QPRV00034892	0	510533	190	59286	1		830109487	093	0			0				0		011
QPRV00034892_00020	QPRV00034892	0	520533	190	38651	1		830109487	620	0			0				0		
QPRV00034892_00021	QPRV00034892	0	520533	190	51078	1		830109487	545	0			0				0		
QPRV00034892_00022	QPRV00034892	0	510533	190	108191	1		830109487	099	0			0				0		102
QPRV00034892_00023	QPRV00034892	0	520533	190	22114	1		830109487	541	0			0				0		
QPRV00034892_00024	QPRV00034892	0	520533	190	4102	1		830109487	503	0			0				0		
QPRV00034892_00025	QPRV00034892	0	510533	190	26081	1		830109487	099	0			0				0		201
QPRV00034892_00026	QPRV00034892	0	520533	190	37001	1		830109487	601	0			0				0		
QPRV00034892_00027	QPRV00034892	0	520533	190	45138	1		830109487	151	0			0				0		
QPRV00034892_00055	QPRV00034892	0	510533	190	73223	1		830109487	093	0			0				0		012
QPRV00034892_00029	QPRV00034892	0	520533	190	64202	1		830109487	711	0			0				0		
QPRV00034892_00030	QPRV00034892	0	510533	190	12490	1		830109487	099	0			0				0		510
QPRV00034892_00031	QPRV00034892	0	520533	190	12701	1		830109487	802	0			0				0		
QPRV00034892_00032	QPRV00034892	0	520533	190	83480	1		830109487	542	0			0				0		
QPRV00034892_00033	QPRV00034892	0	520533	190	41366	1		830109487	841	0			0				0		
QPRV00034892_00034	QPRV00034892	0	510533	190	19265	1		830109487	099	0			0				0		702
QPRV00034892_00035	QPRV00034892	0	510533	190	55030	1		830109487	099	0			0				0		151
QPRV00034892_00036	QPRV00034892	0	520533	190	19079	1		830109487	701	0			0				0		
QPRV00034892_00037	QPRV00034892	0	520533	190	46258	2		830109487	541	0			0				0		
QPRV00034892_00038	QPRV00034892	0	520533	190	12823	1		830109487	109	0			0				0		
QPRV00034892_00039	QPRV00034892	0	520533	190	12156	1		830109487	710	0			0				0		
QPRV00034892_00040	QPRV00034892	0	510533	190	43494	1		830109487	093	0			0				0		018
QPRV00034892_00041	QPRV00034892	0	510533	190	231256	1		830109487	100	0			0				0		028
QPRV00034892_00042	QPRV00034892	0	520533	190	55014	1		830109487	510	0			0				0		
QPRV00034892_00043	QPRV00034892	0	520533	190	59961	1		830109487	201	0			0				0		
QPRV00034892_00044	QPRV00034892	0	520533	190	85834	1		830109487	851	0			0				0		
QPRV00034892_00045	QPRV00034892	0	520533	190	54330	1		830109487	610	0			0				0		
QPRV00034892_00046	QPRV00034892	0	520533	190	35754	1		830109487	402	0			0				0		
QPRV00034892_00047	QPRV00034892	0	510533	190	32193	1		830109487	099	0			0				0		501
QPRV00034892_00048	QPRV00034892	0	520533	190	26946	1		830109487	543	0			0				0		
QPRV00034892_00049	QPRV00034892	0	520533	190	44167	1		830109487	410	0			0				0		
QPRV00034892_00050	QPRV00034892	0	510533	190	56257	1		830109487	099	0			0				0		103
QPRV00034892_00051	QPRV00034892	0	520533	190	40408	1		830109487	530	0			0				0		
QPRV00034892_00052	QPRV00034892	0	520533	190	31846	1		830109487	403	0			0				0		
QPRV00034892_00053	QPRV00034892	0	510533	190	71710	1		830109487	093	0			0				0		014
QPRV00034892_00054	QPRV00034892	0	510533	190	14700	1		830109487	093	0			0				0		010
QPRV00034892_00004	QPRV00034892	0	510533	190	12212	1		830109487	096	0			0				0		001
QPRV00034892_00003	QPRV00034892	0	510533	190	3699	1		830109487	098	0			0				0		900
QPRV00034892_00028	QPRV00034892	0	510533	190	71052	1		830109487	093	0			0				0		017
QPRV00034893_00056	QPRV00034893	0	52053040	175	655687	1		830109487	801	0			0				0		
QPRV00034893_00057	QPRV00034893	0	51053040	175	153001	1		830109487	093	0			0				0		023
QPRV00034893_00058	QPRV00034893	0	51053040	175	445511	1		830109487	093	0			0				0		017
QPRV00034893_00059	QPRV00034893	0	52053040	175	510132	1		830109487	560	0			0				0		
QPRV00034893_00060	QPRV00034893	0	51053040	175	73379	1		830109487	099	0			0				0		510
QPRV00034893_00061	QPRV00034893	0	52053040	175	180694	1		830109487	503	0			0				0		
QPRV00034893_00062	QPRV00034893	0	51053040	175	72453	1		830109487	096	0			0				0		001
QPRV00034893_00063	QPRV00034893	0	52053040	175	531483	1		830109487	104	0			0				0		
QPRV00034893_00064	QPRV00034893	0	51053040	175	346844	1		830109487	093	0			0				0		009
QPRV00034893_00065	QPRV00034893	0	51053040	175	427546	1		830109487	099	0			0				0		151
QPRV00034893_00066	QPRV00034893	0	51053040	175	211879	1		830109487	099	0			0				0		501
QPRV00034893_00067	QPRV00034893	0	52053040	175	130517	1		830109487	710	0			0				0		
QPRV00034893_00068	QPRV00034893	0	51053040	175	1459460	1		830109487	100	0			0				0		028
QPRV00034893_00069	QPRV00034893	0	52053040	175	302594	1		830109487	550	0			0				0		
QPRV00034893_00070	QPRV00034893	0	51053040	175	510847	1		830109487	099	0			0				0		103
QPRV00034893_00071	QPRV00034893	0	52053040	175	400412	2		830109487	541	0			0				0		
QPRV00034893_00072	QPRV00034893	0	52053040	175	330099	1		830109487	830	0			0				0		
QPRV00034893_00073	QPRV00034893	0	51053040	175	368869	1		830109487	098	0			0				0		999
QPRV00034893_00074	QPRV00034893	0	52053040	175	121543	1		830109487	701	0			0				0		
QPRV00034893_00075	QPRV00034893	0	51053040	175	264672	1		830109487	093	0			0				0		018
QPRV00034893_00076	QPRV00034893	0	52053040	175	619203	1		830109487	102	0			0				0		
QPRV00034893_00077	QPRV00034893	0	51053040	175	162784	1		830109487	099	0			0				0		201
QPRV00034893_00078	QPRV00034893	0	51053040	175	429061	1		830109487	093	0			0				0		012
QPRV00034893_00079	QPRV00034893	0	52053040	175	234249	1		830109487	601	0			0				0		
QPRV00034893_00080	QPRV00034893	0	52053040	175	555335	1		830109487	851	0			0				0		
QPRV00034893_00081	QPRV00034893	0	51053040	175	86666	1		830109487	093	0			0				0		010
QPRV00034893_00082	QPRV00034893	0	51053040	175	1305417	1		830109487	093	0			0				0		025
QPRV00034893_00083	QPRV00034893	0	52053040	175	288190	1		830109487	510	0			0				0		
QPRV00034893_00084	QPRV00034893	0	52053040	175	166298	1		830109487	802	0			0				0		
QPRV00034893_00085	QPRV00034893	0	52053040	175	182470	1		830109487	541	0			0				0		
QPRV00034893_00086	QPRV00034893	0	52053040	175	216511	1		830109487	542	0			0				0		
QPRV00034893_00087	QPRV00034893	0	52053040	175	306084	1		830109487	410	0			0				0		
QPRV00034893_00088	QPRV00034893	0	52053040	175	377988	1		830109487	402	0			0				0		
QPRV00034893_00089	QPRV00034893	0	52053040	175	143868	1		830109487	109	0			0				0		
QPRV00034893_00090	QPRV00034893	0	51053040	175	137761	1		830109487	099	0			0				0		702
QPRV00034893_00091	QPRV00034893	0	52053040	175	1	2		830109487	104	0			0				0		
QPRV00034893_00092	QPRV00034893	0	52053040	175	308983	1		830109487	530	0			0				0		
QPRV00034893_00093	QPRV00034893	0	52053040	175	373291	1		830109487	403	0			0				0		
QPRV00034893_00094	QPRV00034893	0	52053040	175	345786	1		830109487	201	0			0				0		
QPRV00034893_00095	QPRV00034893	0	51053040	175	193467	1		830109487	093	0			0				0		022
QPRV00034893_00096	QPRV00034893	0	52053040	175	543068	1		830109487	501	0			0				0		
QPRV00034893_00097	QPRV00034893	0	52053040	175	355546	1		830109487	841	0			0				0		
QPRV00034893_00098	QPRV00034893	0	52053040	175	431500	1		830109487	850	0			0				0		
QPRV00034893_00099	QPRV00034893	0	52053040	175	309103	1		830109487	610	0			0				0		
QPRV00034893_00100	QPRV00034893	0	52053040	175	103795	1		830109487	540	0			0				0		
QPRV00034893_00101	QPRV00034893	0	51053040	175	362000	1		830109487	093	0			0				0		011
QPRV00034893_00102	QPRV00034893	0	51053040	175	619891	1		830109487	099	0			0				0		102
QPRV00034893_00103	QPRV00034893	0	52053040	175	261151	1		830109487	151	0			0				0		
QPRV00034893_00104	QPRV00034893	0	52053040	175	455627	1		830109487	545	0			0				0		
QPRV00034893_00105	QPRV00034893	0	52053040	175	223978	1		830109487	543	0			0				0		
QPRV00034893_00106	QPRV00034893	0	51053040	175	313905	1		830109487	098	0			0				0		900
QPRV00034893_00107	QPRV00034893	0	52053040	175	395937	1		830109487	711	0			0				0		
QPRV00034893_00108	QPRV00034893	0	51053040	175	423061	1		830109487	093	0			0				0		014
QPRV00034893_00109	QPRV00034893	0	52053040	175	218006	1		830109487	620	0			0				0		
QPRV00034894_00110	QPRV00034894	0	510539	145	771836	1		830109487	100	0			0				0		028
QPRV00034894_00161	QPRV00034894	0	510539	145	99863	1		830109487	099	0			0				0		702
QPRV00034894_00112	QPRV00034894	0	520539	145	250837	1		830109487	851	0			0				0		
QPRV00034894_00113	QPRV00034894	0	510539	145	204457	1		830109487	093	0			0				0		012
QPRV00034894_00114	QPRV00034894	0	510539	145	40250	1		830109487	093	0			0				0		010
QPRV00034894_00115	QPRV00034894	0	520539	145	204413	1		830109487	801	0			0				0		
QPRV00034894_00116	QPRV00034894	0	520539	145	257752	1		830109487	501	0			0				0		
QPRV00034894_00117	QPRV00034894	0	520539	145	163438	1		830109487	850	0			0				0		
QPRV00034894_00118	QPRV00034894	0	520539	145	1335950	1		830109487	170	0			0				0		
QPRV00034894_00119	QPRV00034894	0	510539	145	156340	1		830109487	093	0			0				0		018
QPRV00034894_00120	QPRV00034894	0	510539	145	70333	1		830109487	093	0			0				0		023
QPRV00034894_00121	QPRV00034894	0	510539	145	253372	1		830109487	099	0			0				0		102
QPRV00034894_00122	QPRV00034894	0	520539	145	266283	1		830109487	104	0			0				0		
QPRV00034894_00123	QPRV00034894	0	510539	145	154484	1		830109487	098	0			0				0		900
QPRV00034894_00124	QPRV00034894	0	510539	145	33798	1		830109487	099	0			0				0		510
QPRV00034894_00125	QPRV00034894	0	520539	145	220062	1		830109487	403	0			0				0		
QPRV00034894_00126	QPRV00034894	0	510539	145	59416	1		830109487	093	0			0				0		022
QPRV00034894_00127	QPRV00034894	0	510539	145	159298	1		830109487	093	0			0				0		009
QPRV00034894_00128	QPRV00034894	0	510539	145	100387	1		830109487	099	0			0				0		501
QPRV00034894_00129	QPRV00034894	0	520539	145	146533	1		830109487	410	0			0				0		
QPRV00034894_00130	QPRV00034894	0	510539	145	205857	1		830109487	098	0			0				0		999
QPRV00034894_00131	QPRV00034894	0	520539	145	135082	1		830109487	830	0			0				0		
QPRV00034894_00132	QPRV00034894	0	520539	145	173425	1		830109487	711	0			0				0		
QPRV00034894_00133	QPRV00034894	0	520539	145	219091	1		830109487	201	0			0				0		
QPRV00034894_00134	QPRV00034894	0	520539	145	260376	1		830109487	560	0			0				0		
QPRV00034894_00135	QPRV00034894	0	520539	145	76028	1		830109487	503	0			0				0		
QPRV00034894_00136	QPRV00034894	0	510539	145	186402	1		830109487	099	0			0				0		151
QPRV00034894_00137	QPRV00034894	0	510539	145	30349	1		830109487	096	0			0				0		001
QPRV00034894_00138	QPRV00034894	0	510539	145	127810	1		830109487	099	0			0				0		103
QPRV00034894_00139	QPRV00034894	0	510539	145	196826	1		830109487	093	0			0				0		014
QPRV00034894_00140	QPRV00034894	0	520539	145	82328	1		830109487	541	0			0				0		
QPRV00034894_00141	QPRV00034894	0	520539	145	198460	1		830109487	841	0			0				0		
QPRV00034894_00142	QPRV00034894	0	520539	145	63687	1		830109487	109	0			0				0		
QPRV00034894_00143	QPRV00034894	0	510539	145	99645	1		830109487	099	0			0				0		201
QPRV00034894_00144	QPRV00034894	0	520539	145	59092	1		830109487	710	0			0				0		
QPRV00034894_00145	QPRV00034894	0	520539	145	160980	1		830109487	610	0			0				0		
QPRV00034894_00146	QPRV00034894	0	520539	145	6506	1		830109487	540	0			0				0		
QPRV00034894_00147	QPRV00034894	0	510539	145	220000	1		830109487	093	0			0				0		017
QPRV00034894_00148	QPRV00034894	0	520539	145	76475	1		830109487	510	0			0				0		
QPRV00034894_00149	QPRV00034894	0	520539	145	104699	1		830109487	601	0			0				0		
QPRV00034894_00150	QPRV00034894	0	520539	145	200584	1		830109487	545	0			0				0		
QPRV00034894_00151	QPRV00034894	0	520539	145	54363	1		830109487	701	0			0				0		
QPRV00034894_00152	QPRV00034894	0	520539	145	236084	1		830109487	102	0			0				0		
QPRV00034894_00153	QPRV00034894	0	520539	145	143332	1		830109487	530	0			0				0		
QPRV00034894_00154	QPRV00034894	0	520539	145	162821	1		830109487	550	0			0				0		
QPRV00034894_00155	QPRV00034894	0	520539	145	109535	1		830109487	620	0			0				0		
QPRV00034894_00156	QPRV00034894	0	520539	145	456449	1		830109487	542	0			0				0		
QPRV00034894_00157	QPRV00034894	0	510539	145	179817	1		830109487	093	0			0				0		011
QPRV00034894_00158	QPRV00034894	0	520539	145	186743	1		830109487	151	0			0				0		
QPRV00034894_00159	QPRV00034894	0	520539	145	301560	1		830109487	402	0			0				0		
QPRV00034894_00160	QPRV00034894	0	520539	145	96784	1		830109487	543	0			0				0		
QPRV00034894_00111	QPRV00034894	0	520539	145	76038	1		830109487	802	0			0				0		
QPRV00034895_00162	QPRV00034895	0	520536	130	725505	1		830109487	102	0			0				0		
QPRV00034895_00215	QPRV00034895	0	510536	130	436286	1		830109487	098	0			0				0		999
QPRV00034895_00164	QPRV00034895	0	510536	130	446166	1		830109487	093	0			0				0		017
QPRV00034895_00165	QPRV00034895	0	510536	130	162784	1		830109487	099	0			0				0		201
QPRV00034895_00166	QPRV00034895	0	520536	130	234249	1		830109487	601	0			0				0		
QPRV00034895_00167	QPRV00034895	0	510536	130	193467	1		830109487	093	0			0				0		022
QPRV00034895_00168	QPRV00034895	0	520536	130	365797	1		830109487	550	0			0				0		
QPRV00034895_00169	QPRV00034895	0	510536	130	211847	1		830109487	099	0			0				0		501
QPRV00034895_00170	QPRV00034895	0	520536	130	85043	1		830109487	170	0			0				0		
QPRV00034895_00171	QPRV00034895	0	510536	130	315503	1		830109487	093	0			0				0		018
QPRV00034895_00172	QPRV00034895	0	510536	130	283461	1		830109487	099	0			0				0		103
QPRV00034895_00173	QPRV00034895	0	520536	130	391705	1		830109487	151	0			0				0		
QPRV00034895_00174	QPRV00034895	0	510536	130	73379	1		830109487	099	0			0				0		510
QPRV00034895_00175	QPRV00034895	0	520536	130	308983	1		830109487	530	0			0				0		
QPRV00034895_00176	QPRV00034895	0	510536	130	423060	1		830109487	093	0			0				0		014
QPRV00034895_00177	QPRV00034895	0	510536	130	343500	1		830109487	093	0			0				0		011
QPRV00034895_00178	QPRV00034895	0	520536	130	143868	1		830109487	109	0			0				0		
QPRV00034895_00179	QPRV00034895	0	510536	130	137761	1		830109487	099	0			0				0		702
QPRV00034895_00180	QPRV00034895	0	510536	130	1440459	1		830109487	100	0			0				0		028
QPRV00034895_00181	QPRV00034895	0	510536	130	335007	1		830109487	098	0			0				0		900
QPRV00034895_00182	QPRV00034895	0	520536	130	288192	1		830109487	510	0			0				0		
QPRV00034895_00183	QPRV00034895	0	520536	130	555337	1		830109487	851	0			0				0		
QPRV00034895_00184	QPRV00034895	0	520536	130	242207	1		830109487	542	0			0				0		
QPRV00034895_00185	QPRV00034895	0	520536	130	103795	1		830109487	540	0			0				0		
QPRV00034895_00186	QPRV00034895	0	510536	130	346843	1		830109487	093	0			0				0		009
QPRV00034895_00187	QPRV00034895	0	520536	130	594350	1		830109487	402	0			0				0		
QPRV00034895_00188	QPRV00034895	0	520536	130	395937	1		830109487	711	0			0				0		
QPRV00034895_00189	QPRV00034895	0	520536	130	347417	1		830109487	545	0			0				0		
QPRV00034895_00190	QPRV00034895	0	520536	130	543067	1		830109487	501	0			0				0		
QPRV00034895_00191	QPRV00034895	0	520536	130	355546	1		830109487	841	0			0				0		
QPRV00034895_00192	QPRV00034895	0	520536	130	309103	1		830109487	610	0			0				0		
QPRV00034895_00193	QPRV00034895	0	510536	130	72454	1		830109487	096	0			0				0		001
QPRV00034895_00194	QPRV00034895	0	510536	130	1305417	1		830109487	093	0			0				0		025
QPRV00034895_00195	QPRV00034895	0	520536	130	121543	1		830109487	701	0			0				0		
QPRV00034895_00196	QPRV00034895	0	520536	130	130517	1		830109487	710	0			0				0		
QPRV00034895_00197	QPRV00034895	0	510536	130	622771	1		830109487	099	0			0				0		102
QPRV00034895_00198	QPRV00034895	0	520536	130	331804	1		830109487	830	0			0				0		
QPRV00034895_00199	QPRV00034895	0	510536	130	429061	1		830109487	093	0			0				0		012
QPRV00034895_00200	QPRV00034895	0	520536	130	431500	1		830109487	850	0			0				0		
QPRV00034895_00201	QPRV00034895	0	520536	130	19240	2		830109487	541	0			0				0		
QPRV00034895_00202	QPRV00034895	0	510536	130	153000	1		830109487	093	0			0				0		023
QPRV00034895_00203	QPRV00034895	0	520536	130	345726	1		830109487	201	0			0				0		
QPRV00034895_00204	QPRV00034895	0	510536	130	86667	1		830109487	093	0			0				0		010
QPRV00034895_00205	QPRV00034895	0	520536	130	180694	1		830109487	503	0			0				0		
QPRV00034895_00206	QPRV00034895	0	510536	130	427929	1		830109487	099	0			0				0		151
QPRV00034895_00207	QPRV00034895	0	520536	130	308633	1		830109487	410	0			0				0		
QPRV00034895_00208	QPRV00034895	0	520536	130	531484	1		830109487	104	0			0				0		
QPRV00034895_00209	QPRV00034895	0	520536	130	166298	1		830109487	802	0			0				0		
QPRV00034895_00210	QPRV00034895	0	520536	130	373291	1		830109487	403	0			0				0		
QPRV00034895_00211	QPRV00034895	0	520536	130	223978	1		830109487	543	0			0				0		
QPRV00034895_00212	QPRV00034895	0	520536	130	532735	1		830109487	560	0			0				0		
QPRV00034895_00213	QPRV00034895	0	520536	130	655708	1		830109487	801	0			0				0		
QPRV00034895_00214	QPRV00034895	0	520536	130	182469	1		830109487	541	0			0				0		
QPRV00034895_00163	QPRV00034895	0	520536	130	218005	1		830109487	620	0			0				0		
