QPRV00034901_00001	QPRV00034901	0	261095	503	15400	2		830109487	096	0			0				0		001
QPRV00034901_00002	QPRV00034901	0	52054501	503	15400	1		830109487	096	0			0				0		001
QPRV00034902_00005	QPRV00034902	0	520533	190	31726	1		830109487	802	0			0				0		
QPRV00034902_00006	QPRV00034902	0	510533	190	18140	1		830109487	093	0			0				0		010
QPRV00034902_00007	QPRV00034902	0	510533	190	70736	1		830109487	093	0			0				0		011
QPRV00034902_00008	QPRV00034902	0	510533	190	40811	1		830109487	093	0			0				0		022
QPRV00034902_00009	QPRV00034902	0	520533	190	128561	1		830109487	801	0			0				0		
QPRV00034902_00010	QPRV00034902	0	510533	190	274137	1		830109487	093	0			0				0		025
QPRV00034902_00011	QPRV00034902	0	520533	190	49182	1		830109487	601	0			0				0		
QPRV00034902_00012	QPRV00034902	0	510533	190	89052	1		830109487	093	0			0				0		017
QPRV00034902_00013	QPRV00034902	0	520533	190	107864	1		830109487	543	0			0				0		
QPRV00034902_00014	QPRV00034902	0	520533	190	38207	1		830109487	710	0			0				0		
QPRV00034902_00015	QPRV00034902	0	520533	190	14774	1		830109487	170	0			0				0		
QPRV00034902_00016	QPRV00034902	0	520533	190	39714	1		830109487	403	0			0				0		
QPRV00034902_00017	QPRV00034902	0	520533	190	86503	1		830109487	851	0			0				0		
QPRV00034902_00018	QPRV00034902	0	520533	190	29130	1		830109487	542	0			0				0		
QPRV00034902_00019	QPRV00034902	0	520533	190	86359	1		830109487	560	0			0				0		
QPRV00034902_00020	QPRV00034902	0	510533	190	50185	1		830109487	099	0			0				0		501
QPRV00034902_00021	QPRV00034902	0	520533	190	56870	1		830109487	830	0			0				0		
QPRV00034902_00022	QPRV00034902	0	520533	190	55412	1		830109487	151	0			0				0		
QPRV00034902_00023	QPRV00034902	0	520533	190	49794	1		830109487	501	0			0				0		
QPRV00034902_00024	QPRV00034902	0	510533	190	44102	1		830109487	099	0			0				0		510
QPRV00034902_00025	QPRV00034902	0	520533	190	54342	1		830109487	530	0			0				0		
QPRV00034902_00026	QPRV00034902	0	520533	190	69968	1		830109487	610	0			0				0		
QPRV00034902_00027	QPRV00034902	0	510533	190	33916	1		830109487	099	0			0				0		201
QPRV00034902_00056	QPRV00034902	0	520533	190	50338	1		830109487	510	0			0				0		
QPRV00034902_00029	QPRV00034902	0	520533	190	134852	1		830109487	711	0			0				0		
QPRV00034902_00030	QPRV00034902	0	520533	190	67941	1		830109487	402	0			0				0		
QPRV00034902_00031	QPRV00034902	0	510533	190	149895	1		830109487	093	0			0				0		012
QPRV00034902_00032	QPRV00034902	0	520533	190	47478	1		830109487	620	0			0				0		
QPRV00034902_00033	QPRV00034902	0	520533	190	65563	1		830109487	545	0			0				0		
QPRV00034902_00034	QPRV00034902	0	520533	190	116918	1		830109487	102	0			0				0		
QPRV00034902_00035	QPRV00034902	0	510533	190	86296	1		830109487	099	0			0				0		151
QPRV00034902_00036	QPRV00034902	0	520533	190	10280	1		830109487	512	0			0				0		
QPRV00034902_00037	QPRV00034902	0	520533	190	51927	1		830109487	541	0			0				0		
QPRV00034902_00038	QPRV00034902	0	520533	190	12778	1		830109487	503	0			0				0		
QPRV00034902_00039	QPRV00034902	0	520533	190	52792	1		830109487	841	0			0				0		
QPRV00034902_00040	QPRV00034902	0	520533	190	24161	1		830109487	701	0			0				0		
QPRV00034902_00041	QPRV00034902	0	520533	190	18630	2		830109487	151	0			0				0		
QPRV00034902_00042	QPRV00034902	0	510533	190	152547	1		830109487	099	0			0				0		103
QPRV00034902_00043	QPRV00034902	0	510533	190	144946	1		830109487	099	0			0				0		102
QPRV00034902_00044	QPRV00034902	0	520533	190	19937	2		830109487	542	0			0				0		
QPRV00034902_00045	QPRV00034902	0	520533	190	31865	1		830109487	550	0			0				0		
QPRV00034902_00046	QPRV00034902	0	520533	190	170576	1		830109487	850	0			0				0		
QPRV00034902_00047	QPRV00034902	0	510533	190	72836	1		830109487	093	0			0				0		009
QPRV00034902_00048	QPRV00034902	0	510533	190	15895	1		830109487	099	0			0				0		702
QPRV00034902_00049	QPRV00034902	0	510533	190	247864	1		830109487	100	0			0				0		028
QPRV00034902_00050	QPRV00034902	0	520533	190	105582	1		830109487	104	0			0				0		
QPRV00034902_00051	QPRV00034902	0	520533	190	84111	1		830109487	201	0			0				0		
QPRV00034902_00052	QPRV00034902	0	510533	190	72478	1		830109487	093	0			0				0		014
QPRV00034902_00053	QPRV00034902	0	510533	190	14775	1		830109487	096	0			0				0		001
QPRV00034902_00054	QPRV00034902	0	520533	190	61747	1		830109487	410	0			0				0		
QPRV00034902_00055	QPRV00034902	0	510533	190	32090	1		830109487	093	0			0				0		023
QPRV00034902_00004	QPRV00034902	0	510533	190	50608	1		830109487	093	0			0				0		018
QPRV00034902_00003	QPRV00034902	0	510533	190	208	1		830109487	098	0			0				0		900
QPRV00034902_00028	QPRV00034902	0	510533	190	41002	1		830109487	098	0			0				0		999
QPRV00034903_00057	QPRV00034903	0	51053040	175	446168	1		830109487	093	0			0				0		017
QPRV00034903_00058	QPRV00034903	0	52053040	175	61393	2		830109487	610	0			0				0		
QPRV00034903_00059	QPRV00034903	0	52053040	175	226811	1		830109487	510	0			0				0		
QPRV00034903_00060	QPRV00034903	0	52053040	175	640057	1		830109487	501	0			0				0		
QPRV00034903_00061	QPRV00034903	0	52053040	175	2636114	2		830109487	542	0			0				0		
QPRV00034903_00062	QPRV00034903	0	52053040	175	409707	1		830109487	541	0			0				0		
QPRV00034903_00063	QPRV00034903	0	51053040	175	1049683	1		830109487	093	0			0				0		012
QPRV00034903_00064	QPRV00034903	0	51053040	175	345033	1		830109487	093	0			0				0		014
QPRV00034903_00065	QPRV00034903	0	52053040	175	325631	1		830109487	841	0			0				0		
QPRV00034903_00066	QPRV00034903	0	51053040	175	62582	1		830109487	099	0			0				0		702
QPRV00034903_00067	QPRV00034903	0	51053040	175	1279003	1		830109487	100	0			0				0		028
QPRV00034903_00068	QPRV00034903	0	52053040	175	555532	1		830109487	550	0			0				0		
QPRV00034903_00069	QPRV00034903	0	52053040	175	257538	1		830109487	601	0			0				0		
QPRV00034903_00070	QPRV00034903	0	52053040	175	394563	1		830109487	545	0			0				0		
QPRV00034903_00071	QPRV00034903	0	51053040	175	830788	1		830109487	099	0			0				0		102
QPRV00034903_00072	QPRV00034903	0	51053040	175	441428	1		830109487	099	0			0				0		151
QPRV00034903_00073	QPRV00034903	0	51053040	175	92609	1		830109487	098	0			0				0		900
QPRV00034903_00074	QPRV00034903	0	52053040	175	114111	2		830109487	512	0			0				0		
QPRV00034903_00075	QPRV00034903	0	52053040	175	334289	1		830109487	610	0			0				0		
QPRV00034903_00076	QPRV00034903	0	52053040	175	142817	2		830109487	501	0			0				0		
QPRV00034903_00077	QPRV00034903	0	51053040	175	284582	1		830109487	093	0			0				0		018
QPRV00034903_00078	QPRV00034903	0	52053040	175	1020526	1		830109487	711	0			0				0		
QPRV00034903_00079	QPRV00034903	0	52053040	175	324458	1		830109487	530	0			0				0		
QPRV00034903_00080	QPRV00034903	0	52053040	175	627539	1		830109487	402	0			0				0		
QPRV00034903_00081	QPRV00034903	0	51053040	175	336717	1		830109487	093	0			0				0		011
QPRV00034903_00082	QPRV00034903	0	52053040	175	354809	1		830109487	512	0			0				0		
QPRV00034903_00083	QPRV00034903	0	52053040	175	2490822	2		830109487	151	0			0				0		
QPRV00034903_00084	QPRV00034903	0	52053040	175	834801	1		830109487	102	0			0				0		
QPRV00034903_00085	QPRV00034903	0	52053040	175	518719	1		830109487	830	0			0				0		
QPRV00034903_00086	QPRV00034903	0	51053040	175	495192	1		830109487	098	0			0				0		999
QPRV00034903_00087	QPRV00034903	0	52053040	175	280828	1		830109487	403	0			0				0		
QPRV00034903_00088	QPRV00034903	0	51053040	175	86461	1		830109487	093	0			0				0		010
QPRV00034903_00089	QPRV00034903	0	52053040	175	44006	2		830109487	560	0			0				0		
QPRV00034903_00090	QPRV00034903	0	52053040	175	434028	1		830109487	201	0			0				0		
QPRV00034903_00091	QPRV00034903	0	52053040	175	300274	1		830109487	542	0			0				0		
QPRV00034903_00092	QPRV00034903	0	52053040	175	803109	1		830109487	560	0			0				0		
QPRV00034903_00093	QPRV00034903	0	51053040	175	1305416	1		830109487	093	0			0				0		025
QPRV00034903_00094	QPRV00034903	0	51053040	175	178291	1		830109487	099	0			0				0		201
QPRV00034903_00095	QPRV00034903	0	51053040	175	69665	1		830109487	096	0			0				0		001
QPRV00034903_00096	QPRV00034903	0	51053040	175	143694	2		830109487	098	0			0				0		999
QPRV00034903_00097	QPRV00034903	0	52053040	175	1287187	1		830109487	802	0			0				0		
QPRV00034903_00098	QPRV00034903	0	52053040	175	912735	1		830109487	543	0			0				0		
QPRV00034903_00099	QPRV00034903	0	52053040	175	1309987	1		830109487	850	0			0				0		
QPRV00034903_00100	QPRV00034903	0	52053040	175	216870	1		830109487	620	0			0				0		
QPRV00034903_00101	QPRV00034903	0	52053040	175	330903	1		830109487	410	0			0				0		
QPRV00034903_00102	QPRV00034903	0	52053040	175	123705	1		830109487	701	0			0				0		
QPRV00034903_00103	QPRV00034903	0	51053040	175	1372754	1		830109487	099	0			0				0		103
QPRV00034903_00104	QPRV00034903	0	52053040	175	543474	1		830109487	151	0			0				0		
QPRV00034903_00105	QPRV00034903	0	52053040	175	234997	1		830109487	710	0			0				0		
QPRV00034903_00106	QPRV00034903	0	51053040	175	248279	1		830109487	099	0			0				0		510
QPRV00034903_00107	QPRV00034903	0	52053040	175	568163	1		830109487	170	0			0				0		
QPRV00034903_00108	QPRV00034903	0	52053040	175	434531	1		830109487	851	0			0				0		
QPRV00034903_00109	QPRV00034903	0	51053040	175	194084	1		830109487	093	0			0				0		022
QPRV00034903_00110	QPRV00034903	0	52053040	175	837472	1		830109487	801	0			0				0		
QPRV00034903_00111	QPRV00034903	0	52053040	175	442372	1		830109487	503	0			0				0		
QPRV00034903_00112	QPRV00034903	0	51053040	175	346843	1		830109487	093	0			0				0		009
QPRV00034903_00113	QPRV00034903	0	51053040	175	313809	1		830109487	099	0			0				0		501
QPRV00034903_00114	QPRV00034903	0	51053040	175	152999	1		830109487	093	0			0				0		023
QPRV00034903_00115	QPRV00034903	0	52053040	175	114289	2		830109487	402	0			0				0		
QPRV00034903_00116	QPRV00034903	0	52053040	175	766402	1		830109487	104	0			0				0		
QPRV00034904_00117	QPRV00034904	0	520539	145	196815	1		830109487	830	0			0				0		
QPRV00034904_00167	QPRV00034904	0	520539	145	26892	1		830109487	510	0			0				0		
QPRV00034904_00119	QPRV00034904	0	510539	145	168711	1		830109487	099	0			0				0		510
QPRV00034904_00120	QPRV00034904	0	510539	145	279469	1		830109487	098	0			0				0		999
QPRV00034904_00121	QPRV00034904	0	520539	145	181141	1		830109487	201	0			0				0		
QPRV00034904_00122	QPRV00034904	0	520539	145	107758	1		830109487	503	0			0				0		
QPRV00034904_00123	QPRV00034904	0	520539	145	448895	1		830109487	850	0			0				0		
QPRV00034904_00124	QPRV00034904	0	520539	145	184384	1		830109487	151	0			0				0		
QPRV00034904_00125	QPRV00034904	0	510539	145	298994	1		830109487	099	0			0				0		102
QPRV00034904_00126	QPRV00034904	0	520539	145	355423	1		830109487	170	0			0				0		
QPRV00034904_00127	QPRV00034904	0	520539	145	261027	1		830109487	550	0			0				0		
QPRV00034904_00128	QPRV00034904	0	520539	145	113651	1		830109487	841	0			0				0		
QPRV00034904_00129	QPRV00034904	0	520539	145	193025	1		830109487	410	0			0				0		
QPRV00034904_00130	QPRV00034904	0	510539	145	26294	1		830109487	098	0			0				0		900
QPRV00034904_00131	QPRV00034904	0	510539	145	162501	1		830109487	093	0			0				0		011
QPRV00034904_00132	QPRV00034904	0	510539	145	29267	1		830109487	096	0			0				0		001
QPRV00034904_00133	QPRV00034904	0	510539	145	82661	1		830109487	099	0			0				0		201
QPRV00034904_00134	QPRV00034904	0	520539	145	85841	1		830109487	403	0			0				0		
QPRV00034904_00135	QPRV00034904	0	510539	145	191954	1		830109487	099	0			0				0		151
QPRV00034904_00136	QPRV00034904	0	520539	145	354715	1		830109487	104	0			0				0		
QPRV00034904_00137	QPRV00034904	0	520539	145	119023	1		830109487	512	0			0				0		
QPRV00034904_00138	QPRV00034904	0	510539	145	72450	1		830109487	093	0			0				0		010
QPRV00034904_00139	QPRV00034904	0	510539	145	199050	1		830109487	093	0			0				0		022
QPRV00034904_00140	QPRV00034904	0	520539	145	519736	1		830109487	801	0			0				0		
QPRV00034904_00141	QPRV00034904	0	520539	145	54756	1		830109487	701	0			0				0		
QPRV00034904_00142	QPRV00034904	0	510539	145	118875	1		830109487	093	0			0				0		018
QPRV00034904_00143	QPRV00034904	0	510539	145	70333	1		830109487	093	0			0				0		023
QPRV00034904_00144	QPRV00034904	0	520539	145	264278	1		830109487	501	0			0				0		
QPRV00034904_00145	QPRV00034904	0	520539	145	333266	1		830109487	102	0			0				0		
QPRV00034904_00146	QPRV00034904	0	510539	145	290501	1		830109487	093	0			0				0		014
QPRV00034904_00147	QPRV00034904	0	520539	145	193381	1		830109487	610	0			0				0		
QPRV00034904_00148	QPRV00034904	0	510539	145	159298	1		830109487	093	0			0				0		009
QPRV00034904_00149	QPRV00034904	0	510539	145	293036	1		830109487	093	0			0				0		012
QPRV00034904_00150	QPRV00034904	0	510539	145	747445	1		830109487	100	0			0				0		028
QPRV00034904_00151	QPRV00034904	0	510539	145	145040	1		830109487	099	0			0				0		501
QPRV00034904_00152	QPRV00034904	0	520539	145	97756	1		830109487	545	0			0				0		
QPRV00034904_00153	QPRV00034904	0	510539	145	220001	1		830109487	093	0			0				0		017
QPRV00034904_00154	QPRV00034904	0	520539	145	108891	1		830109487	710	0			0				0		
QPRV00034904_00155	QPRV00034904	0	520539	145	204840	1		830109487	711	0			0				0		
QPRV00034904_00156	QPRV00034904	0	520539	145	620677	1		830109487	802	0			0				0		
QPRV00034904_00157	QPRV00034904	0	520539	145	190317	1		830109487	851	0			0				0		
QPRV00034904_00158	QPRV00034904	0	520539	145	151809	1		830109487	541	0			0				0		
QPRV00034904_00159	QPRV00034904	0	510539	145	29500	1		830109487	099	0			0				0		702
QPRV00034904_00160	QPRV00034904	0	520539	145	144370	1		830109487	601	0			0				0		
QPRV00034904_00161	QPRV00034904	0	520539	145	138011	1		830109487	542	0			0				0		
QPRV00034904_00162	QPRV00034904	0	510539	145	164561	1		830109487	099	0			0				0		103
QPRV00034904_00163	QPRV00034904	0	520539	145	167258	1		830109487	530	0			0				0		
QPRV00034904_00164	QPRV00034904	0	520539	145	327675	1		830109487	402	0			0				0		
QPRV00034904_00165	QPRV00034904	0	520539	145	251274	1		830109487	560	0			0				0		
QPRV00034904_00166	QPRV00034904	0	520539	145	113350	1		830109487	620	0			0				0		
QPRV00034904_00118	QPRV00034904	0	520539	145	359929	1		830109487	543	0			0				0		
QPRV00034905_00168	QPRV00034905	0	520536	130	543472	1		830109487	151	0			0				0		
QPRV00034905_00227	QPRV00034905	0	510536	130	153000	1		830109487	093	0			0				0		023
QPRV00034905_00170	QPRV00034905	0	520536	130	518719	1		830109487	830	0			0				0		
QPRV00034905_00171	QPRV00034905	0	510536	130	143694	2		830109487	098	0			0				0		999
QPRV00034905_00172	QPRV00034905	0	510536	130	194083	1		830109487	093	0			0				0		022
QPRV00034905_00173	QPRV00034905	0	520536	130	837470	1		830109487	801	0			0				0		
QPRV00034905_00174	QPRV00034905	0	520536	130	777945	1		830109487	850	0			0				0		
QPRV00034905_00175	QPRV00034905	0	520536	130	2490822	2		830109487	151	0			0				0		
QPRV00034905_00176	QPRV00034905	0	520536	130	568163	1		830109487	170	0			0				0		
QPRV00034905_00177	QPRV00034905	0	510536	130	92609	1		830109487	098	0			0				0		900
QPRV00034905_00178	QPRV00034905	0	520536	130	226809	1		830109487	510	0			0				0		
QPRV00034905_00179	QPRV00034905	0	520536	130	409707	1		830109487	541	0			0				0		
QPRV00034905_00180	QPRV00034905	0	520536	130	325631	1		830109487	841	0			0				0		
QPRV00034905_00181	QPRV00034905	0	510536	130	62581	1		830109487	099	0			0				0		702
QPRV00034905_00182	QPRV00034905	0	510536	130	345034	1		830109487	093	0			0				0		014
QPRV00034905_00183	QPRV00034905	0	510536	130	830791	1		830109487	099	0			0				0		102
QPRV00034905_00184	QPRV00034905	0	520536	130	555532	1		830109487	550	0			0				0		
QPRV00034905_00185	QPRV00034905	0	510536	130	1305416	1		830109487	093	0			0				0		025
QPRV00034905_00186	QPRV00034905	0	510536	130	313801	1		830109487	099	0			0				0		501
QPRV00034905_00187	QPRV00034905	0	520536	130	640056	1		830109487	501	0			0				0		
QPRV00034905_00188	QPRV00034905	0	520536	130	779093	1		830109487	104	0			0				0		
QPRV00034905_00189	QPRV00034905	0	510536	130	441118	1		830109487	099	0			0				0		151
QPRV00034905_00190	QPRV00034905	0	510536	130	692096	1		830109487	099	0			0				0		103
QPRV00034905_00191	QPRV00034905	0	520536	130	434010	1		830109487	201	0			0				0		
QPRV00034905_00192	QPRV00034905	0	520536	130	442372	1		830109487	503	0			0				0		
QPRV00034905_00193	QPRV00034905	0	520536	130	114289	2		830109487	402	0			0				0		
QPRV00034905_00194	QPRV00034905	0	510536	130	495192	1		830109487	098	0			0				0		999
QPRV00034905_00195	QPRV00034905	0	520536	130	834813	1		830109487	102	0			0				0		
QPRV00034905_00196	QPRV00034905	0	510536	130	69665	1		830109487	096	0			0				0		001
QPRV00034905_00197	QPRV00034905	0	510536	130	178291	1		830109487	099	0			0				0		201
QPRV00034905_00198	QPRV00034905	0	520536	130	394563	1		830109487	545	0			0				0		
QPRV00034905_00199	QPRV00034905	0	520536	130	354809	1		830109487	512	0			0				0		
QPRV00034905_00200	QPRV00034905	0	520536	130	61393	2		830109487	610	0			0				0		
QPRV00034905_00201	QPRV00034905	0	520536	130	280828	1		830109487	403	0			0				0		
QPRV00034905_00202	QPRV00034905	0	520536	130	234997	1		830109487	710	0			0				0		
QPRV00034905_00203	QPRV00034905	0	520536	130	627537	1		830109487	402	0			0				0		
QPRV00034905_00204	QPRV00034905	0	510536	130	336717	1		830109487	093	0			0				0		011
QPRV00034905_00205	QPRV00034905	0	520536	130	334288	1		830109487	610	0			0				0		
QPRV00034905_00206	QPRV00034905	0	520536	130	123704	1		830109487	701	0			0				0		
QPRV00034905_00207	QPRV00034905	0	520536	130	300276	1		830109487	542	0			0				0		
QPRV00034905_00208	QPRV00034905	0	520536	130	44006	2		830109487	560	0			0				0		
QPRV00034905_00209	QPRV00034905	0	520536	130	142817	2		830109487	501	0			0				0		
QPRV00034905_00210	QPRV00034905	0	510536	130	284582	1		830109487	093	0			0				0		018
QPRV00034905_00211	QPRV00034905	0	510536	130	662888	1		830109487	093	0			0				0		012
QPRV00034905_00212	QPRV00034905	0	510536	130	1279001	1		830109487	100	0			0				0		028
QPRV00034905_00213	QPRV00034905	0	510536	130	248279	1		830109487	099	0			0				0		510
QPRV00034905_00214	QPRV00034905	0	520536	130	324458	1		830109487	530	0			0				0		
QPRV00034905_00215	QPRV00034905	0	520536	130	1287187	1		830109487	802	0			0				0		
QPRV00034905_00216	QPRV00034905	0	520536	130	745227	1		830109487	560	0			0				0		
QPRV00034905_00217	QPRV00034905	0	520536	130	216870	1		830109487	620	0			0				0		
QPRV00034905_00218	QPRV00034905	0	520536	130	330904	1		830109487	410	0			0				0		
QPRV00034905_00219	QPRV00034905	0	510536	130	346844	1		830109487	093	0			0				0		009
QPRV00034905_00220	QPRV00034905	0	510536	130	86461	1		830109487	093	0			0				0		010
QPRV00034905_00221	QPRV00034905	0	520536	130	257537	1		830109487	601	0			0				0		
QPRV00034905_00222	QPRV00034905	0	520536	130	663902	1		830109487	711	0			0				0		
QPRV00034905_00223	QPRV00034905	0	520536	130	114111	2		830109487	512	0			0				0		
QPRV00034905_00224	QPRV00034905	0	520536	130	553972	1		830109487	543	0			0				0		
QPRV00034905_00225	QPRV00034905	0	520536	130	434717	1		830109487	851	0			0				0		
QPRV00034905_00226	QPRV00034905	0	520536	130	2636114	2		830109487	542	0			0				0		
QPRV00034905_00169	QPRV00034905	0	510536	130	446168	1		830109487	093	0			0				0		017
