QPRF00028444_00001	QPRF00028444	0	51057040	SOLID	100	1		900336004	093	0			0				0		025
QPRF00028445_00002	QPRF00028445	0	51057040	SOLID	100	1		800229739	100	0			0				0		028
QPRF00028446_00003	QPRF00028446	0	51057240	I.C.B.F	469900	1		899999239	093	0			0				0		025
QPRF00028447_00004	QPRF00028447	0	51057240	SENA	313300	1		899999034	093	0			0				0		025
QPRF00028448_00005	QPRF00028448	0	52057240	C.C.F	98700	1		892399989	543	0			0				0		
QPRF00028448_00006	QPRF00028448	0	52057240	C.C.F	46900	1		892399989	540	0			0				0		
QPRF00028448_00007	QPRF00028448	0	51057240	C.C.F	52800	1		892399989	098	0			0				0		900
QPRF00028448_00008	QPRF00028448	0	52057240	C.C.F	198573	1		892399989	542	0			0				0		
QPRF00028448_00009	QPRF00028448	0	52057240	C.C.F	158600	1		892399989	545	0			0				0		
QPRF00028448_00010	QPRF00028448	0	52057240	C.C.F	78900	1		892399989	541	0			0				0		
QPRF00028449_00011	QPRF00028449	0	52057240	C.C.F	98000	1		892200015	530	0			0				0		
QPRF00028450_00012	QPRF00028450	0	51057240	C.C.F	14000	1		892115006	098	0			0				0		900
QPRF00028450_00013	QPRF00028450	0	52057240	C.C.F	255000	1		892115006	560	0			0				0		
QPRF00028451_00014	QPRF00028451	0	52057240	C.C.F	147400	1		892000146	830	0			0				0		
QPRF00028451_00015	QPRF00028451	0	51057240	C.C.F	2600	1		892000146	098	0			0				0		900
QPRF00028452_00016	QPRF00028452	0	52057240	C.C.F	164700	1		891800213	841	0			0				0		
QPRF00028452_00018	QPRF00028452	0	52057240	C.C.F	277000	1		891800213	851	0			0				0		
QPRF00028452_00017	QPRF00028452	0	52057240	C.C.F	187700	1		891800213	850	0			0				0		
QPRF00028453_00019	QPRF00028453	0	52057240	C.C.F	169100	1		891780093	550	0			0				0		
QPRF00028453_00020	QPRF00028453	0	51057240	C.C.F	2600	1		891780093	098	0			0				0		900
QPRF00028454_00021	QPRF00028454	0	52057240	C.C.F	103620	1		891480000	601	0			0				0		
QPRF00028454_00022	QPRF00028454	0	52057240	C.C.F	28800	1		891480000	801	0			0				0		
QPRF00028455_00023	QPRF00028455	0	52057240	C.C.F	144400	1		891080005	410	0			0				0		
QPRF00028456_00024	QPRF00028456	0	52057240	C.C.F	264920	1		890900842	402	0			0				0		
QPRF00028456_00025	QPRF00028456	0	52057240	C.C.F	140800	1		890900842	403	0			0				0		
QPRF00028456_00026	QPRF00028456	0	51057240	C.C.F	5600	1		890900842	098	0			0				0		900
QPRF00028457_00027	QPRF00028457	0	52057240	C.C.F	95000	1		890806490	620	0			0				0		
QPRF00028458_00028	QPRF00028458	0	52057240	C.C.F	73900	1		890700148	802	0			0				0		
QPRF00028458_00029	QPRF00028458	0	52057240	C.C.F	269420	1		890700148	801	0			0				0		
QPRF00028459_00030	QPRF00028459	0	52057240	C.C.F	175300	1		890500516	711	0			0				0		
QPRF00028459_00031	QPRF00028459	0	51057240	C.C.F	26100	1		890500516	098	0			0				0		999
QPRF00028459_00032	QPRF00028459	0	52057240	C.C.F	56700	1		890500516	710	0			0				0		
QPRF00028460_00034	QPRF00028460	0	51057240	C.C.F	48200	1		890480023	098	0			0				0		900
QPRF00028460_00033	QPRF00028460	0	52057240	C.C.F	173100	1		890480023	510	0			0				0		
QPRF00028460_00035	QPRF00028460	0	51057240	C.C.F	32300	1		890480023	099	0			0				0		510
QPRF00028461_00037	QPRF00028461	0	51057240	C.C.F	78100	1		890303208	099	0			0				0		201
QPRF00028461_00036	QPRF00028461	0	52057240	C.C.F	166000	1		890303208	201	0			0				0		
QPRF00028462_00038	QPRF00028462	0	51057240	C.C.F	66100	1		890201578	099	0			0				0		702
QPRF00028462_00039	QPRF00028462	0	52057240	C.C.F	26600	1		890201578	701	0			0				0		
QPRF00028462_00040	QPRF00028462	0	52057240	C.C.F	62000	1		890201578	403	0			0				0		
QPRF00028463_00042	QPRF00028463	0	51057240	C.C.F	14200	1		890101994	098	0			0				0		900
QPRF00028463_00041	QPRF00028463	0	52057240	C.C.F	250300	1		890101994	501	0			0				0		
QPRF00028463_00043	QPRF00028463	0	52057240	C.C.F	79400	1		890101994	503	0			0				0		
QPRF00028463_00044	QPRF00028463	0	51057240	C.C.F	98700	1		890101994	099	0			0				0		501
QPRF00028464_00045	QPRF00028464	0	52057240	C.C.F	136500	1		890000381	610	0			0				0		
QPRF00028465_00053	QPRF00028465	0	52057240	C.C.F	311500	1		860066942	102	0			0				0		
QPRF00028465_00052	QPRF00028465	0	51057240	C.C.F	247100	1		860066942	093	0			0				0		014
QPRF00028465_00051	QPRF00028465	0	51057240	C.C.F	156100	1		860066942	093	0			0				0		011
QPRF00028465_00050	QPRF00028465	0	51057240	C.C.F	678900	1		860066942	100	0			0				0		028
QPRF00028465_00049	QPRF00028465	0	51057240	C.C.F	84200	1		860066942	093	0			0				0		022
QPRF00028465_00048	QPRF00028465	0	52057240	C.C.F	40000	1		860066942	170	0			0				0		
QPRF00028465_00047	QPRF00028465	0	51057240	C.C.F	67500	1		860066942	093	0			0				0		023
QPRF00028465_00046	QPRF00028465	0	51057240	C.C.F	144600	1		860066942	099	0			0				0		103
QPRF00028465_00054	QPRF00028465	0	51057240	C.C.F	626600	1		860066942	093	0			0				0		025
QPRF00028465_00070	QPRF00028465	0	51057240	C.C.F	31800	1		860066942	096	0			0				0		001
QPRF00028465_00069	QPRF00028465	0	51057240	C.C.F	140300	1		860066942	093	0			0				0		018
QPRF00028465_00068	QPRF00028465	0	51057240	C.C.F	2700	1		860066942	098	0			0				0		900
QPRF00028465_00067	QPRF00028465	0	51057240	C.C.F	159200	1		860066942	098	0			0				0		999
QPRF00028465_00055	QPRF00028465	0	51057240	C.C.F	211200	1		860066942	093	0			0				0		017
QPRF00028465_00056	QPRF00028465	0	52057240	C.C.F	184200	1		860066942	151	0			0				0		
QPRF00028465_00057	QPRF00028465	0	51057240	C.C.F	297300	1		860066942	099	0			0				0		102
QPRF00028465_00058	QPRF00028465	0	51057240	C.C.F	154800	1		860066942	093	0			0				0		009
QPRF00028465_00059	QPRF00028465	0	52057240	C.C.F	25800	1		860066942	701	0			0				0		
QPRF00028465_00060	QPRF00028465	0	51057240	C.C.F	6900	1		860066942	099	0			0				0		900
QPRF00028465_00061	QPRF00028465	0	51057240	C.C.F	193600	1		860066942	099	0			0				0		151
QPRF00028465_00062	QPRF00028465	0	52057240	C.C.F	253100	1		860066942	104	0			0				0		
QPRF00028465_00063	QPRF00028465	0	51057240	C.C.F	193400	1		860066942	093	0			0				0		012
QPRF00028465_00064	QPRF00028465	0	52057240	C.C.F	37000	1		860066942	530	0			0				0		
QPRF00028465_00065	QPRF00028465	0	52057240	C.C.F	61500	1		860066942	109	0			0				0		
QPRF00028465_00066	QPRF00028465	0	51057240	C.C.F	38600	1		860066942	093	0			0				0		010
QPRF00028466_00071	QPRF00028466	0	51056940	EPS	80544	1		900462447	093	0			0				0		014
QPRF00028467_00073	QPRF00028467	0	51056940	EPS	161088	1		860066942	093	0			0				0		012
QPRF00028467_00072	QPRF00028467	0	51056940	EPS	80544	1		860066942	093	0			0				0		021
QPRF00028468_00074	QPRF00028468	0	52056940	EPS	221156	1		805000427	542	0			0				0		
QPRF00028469_00075	QPRF00028469	0	51056940	EPS	1331500	1		800251440	093	0			0				0		025
QPRF00028470_00076	QPRF00028470	0	51056940	EPS	100	2		800250119	098	0			0				0		900
QPRF00028470_00077	QPRF00028470	0	51056940	EPS	6	1		800250119	098	0			0				0		900
QPRF00028470_00078	QPRF00028470	0	51056940	EPS	80544	1		800250119	093	0			0				0		018
QPRF00028471_00079	QPRF00028471	0	51056940	EPS	80544	1		800140949	093	0			0				0		018
QPRF00028472_00080	QPRF00028472	0	52056940	EPS	20	1		800130907	801	0			0				0		
QPRF00028472_00082	QPRF00028472	0	52056940	EPS	25800	1		800130907	102	0			0				0		
QPRF00028472_00081	QPRF00028472	0	51056940	EPS	112794	1		800130907	093	0			0				0		010
QPRF00028473_00083	QPRF00028473	0	52056940	EPS	100	1		800088702	102	0			0				0		
QPRF00028473_00084	QPRF00028473	0	52056940	EPS	20	1		800088702	402	0			0				0		
QPRF00028474_00085	QPRF00028474	0	52056803	ARP	38600	1		860002503	201	0			0				0		
QPRF00028474_00086	QPRF00028474	0	51056803	ARP	32600	1		860002503	093	0			0				0		018
QPRF00028474_00087	QPRF00028474	0	52056803	ARP	77738	1		860002503	801	0			0				0		
QPRF00028474_00088	QPRF00028474	0	51056803	ARP	1800	1		860002503	099	0			0				0		900
QPRF00028474_00089	QPRF00028474	0	51056803	ARP	120200	1		860002503	100	0			0				0		028
QPRF00028474_00090	QPRF00028474	0	51056803	ARP	8400	1		860002503	099	0			0				0		510
QPRF00028474_00091	QPRF00028474	0	52056803	ARP	20600	1		860002503	541	0			0				0		
QPRF00028474_00092	QPRF00028474	0	51056803	ARP	182700	1		860002503	098	0			0				0		999
QPRF00028474_00093	QPRF00028474	0	52056803	ARP	119500	1		860002503	851	0			0				0		
QPRF00028474_00094	QPRF00028474	0	52056803	ARP	16100	1		860002503	109	0			0				0		
QPRF00028474_00095	QPRF00028474	0	51056803	ARP	20400	1		860002503	099	0			0				0		201
QPRF00028474_00096	QPRF00028474	0	52056803	ARP	37600	1		860002503	410	0			0				0		
QPRF00028474_00097	QPRF00028474	0	51056803	ARP	112000	1		860002503	099	0			0				0		102
QPRF00028474_00098	QPRF00028474	0	51056803	ARP	8800	1		860002503	093	0			0				0		023
QPRF00028474_00099	QPRF00028474	0	52056803	ARP	77600	1		860002503	403	0			0				0		
QPRF00028474_00100	QPRF00028474	0	52056803	ARP	171100	1		860002503	560	0			0				0		
QPRF00028474_00101	QPRF00028474	0	51056803	ARP	30500	1		860002503	099	0			0				0		103
QPRF00028474_00102	QPRF00028474	0	52056803	ARP	55000	1		860002503	710	0			0				0		
QPRF00028474_00103	QPRF00028474	0	52056803	ARP	105300	1		860002503	501	0			0				0		
QPRF00028474_00104	QPRF00028474	0	52056803	ARP	23828	1		860002503	510	0			0				0		
QPRF00028474_00105	QPRF00028474	0	51056803	ARP	7200	1		860002503	093	0			0				0		022
QPRF00028474_00106	QPRF00028474	0	51056803	ARP	81800	1		860002503	093	0			0				0		025
QPRF00028474_00107	QPRF00028474	0	52056803	ARP	57800	1		860002503	104	0			0				0		
QPRF00028474_00108	QPRF00028474	0	52056803	ARP	40900	1		860002503	545	0			0				0		
QPRF00028474_00109	QPRF00028474	0	52056803	ARP	25828	1		860002503	543	0			0				0		
QPRF00028474_00110	QPRF00028474	0	52056803	ARP	24800	1		860002503	620	0			0				0		
QPRF00028474_00111	QPRF00028474	0	52056803	ARP	48300	1		860002503	151	0			0				0		
QPRF00028474_00112	QPRF00028474	0	52056803	ARP	49000	1		860002503	850	0			0				0		
QPRF00028474_00113	QPRF00028474	0	51056803	ARP	74748	1		860002503	098	0			0				0		900
QPRF00028474_00114	QPRF00028474	0	52056803	ARP	15100	1		860002503	170	0			0				0		
QPRF00028474_00115	QPRF00028474	0	51056803	ARP	51100	1		860002503	093	0			0				0		014
QPRF00028474_00116	QPRF00028474	0	52056803	ARP	45700	1		860002503	711	0			0				0		
QPRF00028474_00117	QPRF00028474	0	52056803	ARP	25000	1		860002503	601	0			0				0		
QPRF00028474_00118	QPRF00028474	0	52056803	ARP	85291	1		860002503	542	0			0				0		
QPRF00028474_00119	QPRF00028474	0	52056803	ARP	116728	1		860002503	102	0			0				0		
QPRF00028474_00120	QPRF00028474	0	51056803	ARP	129900	1		860002503	099	0			0				0		151
QPRF00028474_00121	QPRF00028474	0	52056803	ARP	35200	1		860002503	530	0			0				0		
QPRF00028474_00122	QPRF00028474	0	51056803	ARP	31200	1		860002503	093	0			0				0		017
QPRF00028474_00123	QPRF00028474	0	52056803	ARP	10400	1		860002503	701	0			0				0		
QPRF00028474_00124	QPRF00028474	0	52056803	ARP	12200	1		860002503	540	0			0				0		
QPRF00028474_00125	QPRF00028474	0	52056803	ARP	30400	1		860002503	610	0			0				0		
QPRF00028474_00126	QPRF00028474	0	52056803	ARP	60900	1		860002503	802	0			0				0		
QPRF00028474_00127	QPRF00028474	0	51056803	ARP	25700	1		860002503	099	0			0				0		501
QPRF00028474_00128	QPRF00028474	0	52056803	ARP	107700	1		860002503	402	0			0				0		
QPRF00028474_00129	QPRF00028474	0	52056803	ARP	39400	1		860002503	841	0			0				0		
QPRF00028474_00130	QPRF00028474	0	51056803	ARP	9747	1		860002503	093	0			0				0		010
QPRF00028474_00131	QPRF00028474	0	51056803	ARP	33756	1		860002503	093	0			0				0		009
QPRF00028474_00132	QPRF00028474	0	51056803	ARP	17300	1		860002503	099	0			0				0		702
QPRF00028474_00133	QPRF00028474	0	52056803	ARP	34800	1		860002503	830	0			0				0		
QPRF00028474_00134	QPRF00028474	0	51056803	ARP	8400	1		860002503	096	0			0				0		001
QPRF00028474_00135	QPRF00028474	0	52056803	ARP	118800	1		860002503	550	0			0				0		
QPRF00028474_00136	QPRF00028474	0	52056803	ARP	42600	1		860002503	503	0			0				0		
QPRF00028474_00137	QPRF00028474	0	51056803	ARP	33400	1		860002503	093	0			0				0		012
QPRF00028474_00138	QPRF00028474	0	51056803	ARP	24400	1		860002503	093	0			0				0		011
QPRF00028475_00139	QPRF00028475	0	51057040	AFP	1879800	1		900336004	093	0			0				0		025
QPRF00028475_00156	QPRF00028475	0	52057040	AFP	85600	1		900336004	851	0			0				0		
QPRF00028475_00141	QPRF00028475	0	52057040	AFP	68200	1		900336004	560	0			0				0		
QPRF00028475_00142	QPRF00028475	0	51057040	AFP	88200	1		900336004	098	0			0				0		999
QPRF00028475_00143	QPRF00028475	0	52057040	AFP	286800	1		900336004	501	0			0				0		
QPRF00028475_00144	QPRF00028475	0	51057040	AFP	96200	1		900336004	096	0			0				0		001
QPRF00028475_00145	QPRF00028475	0	52057040	AFP	96000	1		900336004	102	0			0				0		
QPRF00028475_00146	QPRF00028475	0	51057040	AFP	96800	1		900336004	099	0			0				0		510
QPRF00028475_00147	QPRF00028475	0	51057040	AFP	163800	1		900336004	093	0			0				0		018
QPRF00028475_00148	QPRF00028475	0	52057040	AFP	64400	1		900336004	170	0			0				0		
QPRF00028475_00149	QPRF00028475	0	51057040	AFP	116000	1		900336004	093	0			0				0		010
QPRF00028475_00150	QPRF00028475	0	51057040	AFP	101800	1		900336004	093	0			0				0		014
QPRF00028475_00151	QPRF00028475	0	52057040	AFP	61200	1		900336004	503	0			0				0		
QPRF00028475_00152	QPRF00028475	0	51057040	AFP	57000	1		900336004	098	0			0				0		900
QPRF00028475_00153	QPRF00028475	0	52057040	AFP	238600	1		900336004	610	0			0				0		
QPRF00028475_00154	QPRF00028475	0	51057040	AFP	77300	1		900336004	093	0			0				0		009
QPRF00028475_00155	QPRF00028475	0	52057040	AFP	91000	1		900336004	801	0			0				0		
QPRF00028475_00140	QPRF00028475	0	52057040	AFP	105800	1		900336004	403	0			0				0		
QPRF00028476_00157	QPRF00028476	0	51057040	AFP	77300	1		800253055	093	0			0				0		009
QPRF00028477_00158	QPRF00028477	0	52057040	AFP	132600	1		800229739	830	0			0				0		
QPRF00028477_00196	QPRF00028477	0	51057040	AFP	20600	1		800229739	099	0			0				0		900
QPRF00028477_00160	QPRF00028477	0	52057040	AFP	171200	1		800229739	610	0			0				0		
QPRF00028477_00161	QPRF00028477	0	52057040	AFP	208800	1		800229739	550	0			0				0		
QPRF00028477_00162	QPRF00028477	0	52057040	AFP	354200	1		800229739	841	0			0				0		
QPRF00028477_00163	QPRF00028477	0	52057040	AFP	350800	1		800229739	410	0			0				0		
QPRF00028477_00164	QPRF00028477	0	52057040	AFP	80000	1		800229739	701	0			0				0		
QPRF00028477_00165	QPRF00028477	0	52057040	AFP	82800	1		800229739	620	0			0				0		
QPRF00028477_00166	QPRF00028477	0	51057040	AFP	109600	1		800229739	099	0			0				0		151
QPRF00028477_00167	QPRF00028477	0	52057040	AFP	452800	1		800229739	402	0			0				0		
QPRF00028477_00168	QPRF00028477	0	51057040	AFP	197000	1		800229739	099	0			0				0		501
QPRF00028477_00169	QPRF00028477	0	52057040	AFP	298600	1		800229739	851	0			0				0		
QPRF00028477_00170	QPRF00028477	0	51057040	AFP	275600	1		800229739	099	0			0				0		102
QPRF00028477_00171	QPRF00028477	0	52057040	AFP	221800	1		800229739	802	0			0				0		
QPRF00028477_00172	QPRF00028477	0	52057040	AFP	320800	1		800229739	545	0			0				0		
QPRF00028477_00173	QPRF00028477	0	52057040	AFP	292400	1		800229739	151	0			0				0		
QPRF00028477_00174	QPRF00028477	0	51057040	AFP	150000	1		800229739	093	0			0				0		014
QPRF00028477_00175	QPRF00028477	0	52057040	AFP	16800	1		800229739	170	0			0				0		
QPRF00028477_00176	QPRF00028477	0	51057040	AFP	498000	1		800229739	093	0			0				0		012
QPRF00028477_00177	QPRF00028477	0	52057040	AFP	77300	1		800229739	542	0			0				0		
QPRF00028477_00178	QPRF00028477	0	51057040	AFP	259400	1		800229739	098	0			0				0		999
QPRF00028477_00179	QPRF00028477	0	52057040	AFP	312000	1		800229739	102	0			0				0		
QPRF00028477_00180	QPRF00028477	0	52057040	AFP	327200	1		800229739	711	0			0				0		
QPRF00028477_00181	QPRF00028477	0	51057040	AFP	309200	1		800229739	093	0			0				0		009
QPRF00028477_00182	QPRF00028477	0	51057040	AFP	234400	1		800229739	099	0			0				0		201
QPRF00028477_00183	QPRF00028477	0	52057040	AFP	79800	1		800229739	503	0			0				0		
QPRF00028477_00184	QPRF00028477	0	52057040	AFP	307800	1		800229739	201	0			0				0		
QPRF00028477_00185	QPRF00028477	0	51057040	AFP	147600	1		800229739	099	0			0				0		103
QPRF00028477_00186	QPRF00028477	0	52057040	AFP	84800	1		800229739	541	0			0				0		
QPRF00028477_00187	QPRF00028477	0	52057040	AFP	277200	1		800229739	801	0			0				0		
QPRF00028477_00188	QPRF00028477	0	52057040	AFP	81600	1		800229739	710	0			0				0		
QPRF00028477_00189	QPRF00028477	0	51057040	AFP	552000	1		800229739	093	0			0				0		017
QPRF00028477_00190	QPRF00028477	0	51057040	AFP	90200	1		800229739	093	0			0				0		022
QPRF00028477_00191	QPRF00028477	0	52057040	AFP	117800	1		800229739	543	0			0				0		
QPRF00028477_00192	QPRF00028477	0	51057040	AFP	343400	1		800229739	093	0			0				0		011
QPRF00028477_00193	QPRF00028477	0	51057040	AFP	35910	1		800229739	098	0			0				0		900
QPRF00028477_00194	QPRF00028477	0	52057040	AFP	531400	1		800229739	104	0			0				0		
QPRF00028477_00195	QPRF00028477	0	51057040	AFP	1232600	1		800229739	100	0			0				0		028
QPRF00028477_00159	QPRF00028477	0	52057040	AFP	329800	1		800229739	510	0			0				0		
QPRF00028478_00197	QPRF00028478	0	51057040	AFP	124400	1		800227940	093	0			0				0		011
QPRF00028478_00215	QPRF00028478	0	52057040	AFP	82800	1		800227940	542	0			0				0		
QPRF00028478_00199	QPRF00028478	0	52057040	AFP	88300	1		800227940	550	0			0				0		
QPRF00028478_00200	QPRF00028478	0	52057040	AFP	100600	1		800227940	543	0			0				0		
QPRF00028478_00201	QPRF00028478	0	52057040	AFP	84800	1		800227940	530	0			0				0		
QPRF00028478_00202	QPRF00028478	0	52057040	AFP	141600	1		800227940	830	0			0				0		
QPRF00028478_00203	QPRF00028478	0	52057040	AFP	84800	1		800227940	410	0			0				0		
QPRF00028478_00204	QPRF00028478	0	52057040	AFP	83000	1		800227940	402	0			0				0		
QPRF00028478_00205	QPRF00028478	0	52057040	AFP	81800	1		800227940	620	0			0				0		
QPRF00028478_00206	QPRF00028478	0	52057040	AFP	140200	1		800227940	841	0			0				0		
QPRF00028478_00207	QPRF00028478	0	52057040	AFP	163600	1		800227940	104	0			0				0		
QPRF00028478_00208	QPRF00028478	0	51057040	AFP	8200	1		800227940	098	0			0				0		900
QPRF00028478_00209	QPRF00028478	0	51057040	AFP	260200	1		800227940	093	0			0				0		018
QPRF00028478_00210	QPRF00028478	0	52057040	AFP	326000	1		800227940	850	0			0				0		
QPRF00028478_00211	QPRF00028478	0	51057040	AFP	224000	1		800227940	100	0			0				0		028
QPRF00028478_00212	QPRF00028478	0	52057040	AFP	151923	1		800227940	541	0			0				0		
QPRF00028478_00213	QPRF00028478	0	52057040	AFP	86400	1		800227940	801	0			0				0		
QPRF00028478_00214	QPRF00028478	0	51057040	AFP	269000	1		800227940	099	0			0				0		102
QPRF00028478_00198	QPRF00028478	0	52057040	AFP	117400	1		800227940	711	0			0				0		
QPRF00028479_00216	QPRF00028479	0	52057040	AFP	163000	1		800224808	545	0			0				0		
QPRF00028479_00255	QPRF00028479	0	52057040	AFP	168000	1		800224808	830	0			0				0		
QPRF00028479_00218	QPRF00028479	0	51057040	AFP	202600	1		800224808	093	0			0				0		023
QPRF00028479_00219	QPRF00028479	0	52057040	AFP	502600	1		800224808	403	0			0				0		
QPRF00028479_00220	QPRF00028479	0	52057040	AFP	207641	1		800224808	550	0			0				0		
QPRF00028479_00221	QPRF00028479	0	52057040	AFP	77300	1		800224808	701	0			0				0		
QPRF00028479_00222	QPRF00028479	0	52057040	AFP	303000	1		800224808	402	0			0				0		
QPRF00028479_00223	QPRF00028479	0	51057040	AFP	471200	1		800224808	099	0			0				0		151
QPRF00028479_00224	QPRF00028479	0	52057040	AFP	503200	1		800224808	851	0			0				0		
QPRF00028479_00225	QPRF00028479	0	52057040	AFP	642000	1		800224808	102	0			0				0		
QPRF00028479_00226	QPRF00028479	0	51057040	AFP	81600	1		800224808	093	0			0				0		017
QPRF00028479_00227	QPRF00028479	0	52057040	AFP	261000	1		800224808	850	0			0				0		
QPRF00028479_00228	QPRF00028479	0	51057040	AFP	327032	1		800224808	098	0			0				0		900
QPRF00028479_00229	QPRF00028479	0	52057040	AFP	140600	1		800224808	540	0			0				0		
QPRF00028479_00230	QPRF00028479	0	52057040	AFP	190200	1		800224808	109	0			0				0		
QPRF00028479_00231	QPRF00028479	0	52057040	AFP	97000	1		800224808	503	0			0				0		
QPRF00028479_00232	QPRF00028479	0	52057040	AFP	88600	1		800224808	710	0			0				0		
QPRF00028479_00233	QPRF00028479	0	51057040	AFP	171200	1		800224808	093	0			0				0		022
QPRF00028479_00234	QPRF00028479	0	52057040	AFP	430420	1		800224808	542	0			0				0		
QPRF00028479_00235	QPRF00028479	0	52057040	AFP	122800	1		800224808	620	0			0				0		
QPRF00028479_00236	QPRF00028479	0	51057040	AFP	198400	1		800224808	099	0			0				0		702
QPRF00028479_00237	QPRF00028479	0	51057040	AFP	240400	1		800224808	098	0			0				0		999
QPRF00028479_00238	QPRF00028479	0	51057040	AFP	99200	1		800224808	099	0			0				0		501
QPRF00028479_00239	QPRF00028479	0	52057040	AFP	313700	1		800224808	601	0			0				0		
QPRF00028479_00240	QPRF00028479	0	52057040	AFP	325200	1		800224808	530	0			0				0		
QPRF00028479_00241	QPRF00028479	0	52057040	AFP	189800	1		800224808	201	0			0				0		
QPRF00028479_00242	QPRF00028479	0	51057040	AFP	252000	1		800224808	099	0			0				0		103
QPRF00028479_00243	QPRF00028479	0	52057040	AFP	260800	1		800224808	151	0			0				0		
QPRF00028479_00244	QPRF00028479	0	52057040	AFP	707200	1		800224808	560	0			0				0		
QPRF00028479_00245	QPRF00028479	0	52057040	AFP	189300	1		800224808	510	0			0				0		
QPRF00028479_00246	QPRF00028479	0	51057040	AFP	90400	1		800224808	093	0			0				0		012
QPRF00028479_00247	QPRF00028479	0	52057040	AFP	469200	1		800224808	501	0			0				0		
QPRF00028479_00248	QPRF00028479	0	52057040	AFP	81000	1		800224808	711	0			0				0		
QPRF00028479_00249	QPRF00028479	0	52057040	AFP	77300	1		800224808	543	0			0				0		
QPRF00028479_00250	QPRF00028479	0	52057040	AFP	448400	1		800224808	801	0			0				0		
QPRF00028479_00251	QPRF00028479	0	51057040	AFP	595400	1		800224808	100	0			0				0		028
QPRF00028479_00252	QPRF00028479	0	52057040	AFP	38648	1		800224808	170	0			0				0		
QPRF00028479_00253	QPRF00028479	0	52057040	AFP	80000	1		800224808	104	0			0				0		
QPRF00028479_00254	QPRF00028479	0	51057040	AFP	512200	1		800224808	093	0			0				0		014
QPRF00028479_00217	QPRF00028479	0	51057040	AFP	345800	1		800224808	099	0			0				0		102
