QPRF00028516_00001	QPRF00028516	0	51057040	SOLID	100	1		900336004	093	0			0				0		025
QPRF00028517_00002	QPRF00028517	0	51057040	SOLID	100	1		800229739	100	0			0				0		028
QPRF00028517_00003	QPRF00028517	0	52057040	SOLID	100	1		800229739	201	0			0				0		
QPRF00028518_00004	QPRF00028518	0	51057240	I.C.B.F	469900	1		899999239	093	0			0				0		025
QPRF00028519_00005	QPRF00028519	0	51057240	SENA	313300	1		899999034	093	0			0				0		025
QPRF00028520_00006	QPRF00028520	0	52057240	C.C.F	193200	1		892399989	542	0			0				0		
QPRF00028520_00007	QPRF00028520	0	52057240	C.C.F	180500	1		892399989	545	0			0				0		
QPRF00028520_00008	QPRF00028520	0	52057240	C.C.F	181000	1		892399989	541	0			0				0		
QPRF00028520_00009	QPRF00028520	0	51057240	C.C.F	27200	1		892399989	098	0			0				0		999
QPRF00028520_00010	QPRF00028520	0	52057240	C.C.F	163100	1		892399989	543	0			0				0		
QPRF00028521_00011	QPRF00028521	0	52057240	C.C.F	116600	1		892200015	530	0			0				0		
QPRF00028522_00012	QPRF00028522	0	52057240	C.C.F	215600	1		892115006	560	0			0				0		
QPRF00028523_00013	QPRF00028523	0	52057240	C.C.F	182700	1		892000146	830	0			0				0		
QPRF00028524_00014	QPRF00028524	0	51057240	C.C.F	28600	1		891800213	098	0			0				0		999
QPRF00028524_00015	QPRF00028524	0	52057240	C.C.F	145400	1		891800213	841	0			0				0		
QPRF00028524_00017	QPRF00028524	0	52057240	C.C.F	196700	1		891800213	851	0			0				0		
QPRF00028524_00016	QPRF00028524	0	52057240	C.C.F	254600	1		891800213	850	0			0				0		
QPRF00028525_00018	QPRF00028525	0	52057240	C.C.F	275800	1		891780093	550	0			0				0		
QPRF00028526_00019	QPRF00028526	0	52057240	C.C.F	117000	1		891480000	601	0			0				0		
QPRF00028526_00020	QPRF00028526	0	52057240	C.C.F	30500	1		891480000	801	0			0				0		
QPRF00028527_00021	QPRF00028527	0	52057240	C.C.F	154800	1		891080005	410	0			0				0		
QPRF00028528_00023	QPRF00028528	0	52057240	C.C.F	128900	1		890900842	403	0			0				0		
QPRF00028528_00022	QPRF00028528	0	52057240	C.C.F	311400	1		890900842	402	0			0				0		
QPRF00028529_00024	QPRF00028529	0	52057240	C.C.F	95300	1		890806490	620	0			0				0		
QPRF00028530_00026	QPRF00028530	0	52057240	C.C.F	148600	1		890700148	802	0			0				0		
QPRF00028530_00025	QPRF00028530	0	52057240	C.C.F	305800	1		890700148	801	0			0				0		
QPRF00028531_00027	QPRF00028531	0	51057240	C.C.F	6100	1		890500516	098	0			0				0		900
QPRF00028531_00028	QPRF00028531	0	52057240	C.C.F	195400	1		890500516	711	0			0				0		
QPRF00028531_00029	QPRF00028531	0	52057240	C.C.F	103900	1		890500516	710	0			0				0		
QPRF00028532_00030	QPRF00028532	0	51057240	C.C.F	116200	1		890480023	099	0			0				0		510
QPRF00028532_00031	QPRF00028532	0	52057240	C.C.F	100000	1		890480023	510	0			0				0		
QPRF00028532_00032	QPRF00028532	0	52057240	C.C.F	120500	1		890480023	512	0			0				0		
QPRF00028533_00033	QPRF00028533	0	52057240	C.C.F	202800	1		890303208	201	0			0				0		
QPRF00028533_00034	QPRF00028533	0	51057240	C.C.F	6014	1		890303208	098	0			0				0		900
QPRF00028533_00035	QPRF00028533	0	51057240	C.C.F	85600	1		890303208	099	0			0				0		201
QPRF00028534_00036	QPRF00028534	0	51057240	C.C.F	27600	1		890201578	099	0			0				0		702
QPRF00028534_00037	QPRF00028534	0	52057240	C.C.F	26800	1		890201578	701	0			0				0		
QPRF00028535_00038	QPRF00028535	0	52057240	C.C.F	107900	1		890101994	503	0			0				0		
QPRF00028535_00039	QPRF00028535	0	52057240	C.C.F	264000	1		890101994	501	0			0				0		
QPRF00028535_00040	QPRF00028535	0	51057240	C.C.F	144700	1		890101994	099	0			0				0		501
QPRF00028535_00041	QPRF00028535	0	51057240	C.C.F	6900	1		890101994	098	0			0				0		900
QPRF00028535_00042	QPRF00028535	0	51057240	C.C.F	29700	1		890101994	098	0			0				0		999
QPRF00028536_00043	QPRF00028536	0	52057240	C.C.F	178500	1		890000381	610	0			0				0		
QPRF00028537_00045	QPRF00028537	0	52057240	C.C.F	358000	1		860066942	104	0			0				0		
QPRF00028537_00044	QPRF00028537	0	51057240	C.C.F	211200	1		860066942	093	0			0				0		017
QPRF00028537_00046	QPRF00028537	0	52057240	C.C.F	387000	1		860066942	102	0			0				0		
QPRF00028537_00066	QPRF00028537	0	51057240	C.C.F	171500	1		860066942	098	0			0				0		999
QPRF00028537_00047	QPRF00028537	0	51057240	C.C.F	67500	1		860066942	093	0			0				0		023
QPRF00028537_00048	QPRF00028537	0	51057240	C.C.F	386900	1		860066942	099	0			0				0		102
QPRF00028537_00049	QPRF00028537	0	51057240	C.C.F	127700	1		860066942	093	0			0				0		018
QPRF00028537_00050	QPRF00028537	0	52057240	C.C.F	254220	1		860066942	151	0			0				0		
QPRF00028537_00051	QPRF00028537	0	51057240	C.C.F	196700	1		860066942	093	0			0				0		012
QPRF00028537_00052	QPRF00028537	0	51057240	C.C.F	87200	1		860066942	093	0			0				0		022
QPRF00028537_00053	QPRF00028537	0	52057240	C.C.F	26600	1		860066942	701	0			0				0		
QPRF00028537_00054	QPRF00028537	0	51057240	C.C.F	154800	1		860066942	093	0			0				0		009
QPRF00028537_00055	QPRF00028537	0	51057240	C.C.F	38600	1		860066942	093	0			0				0		010
QPRF00028537_00056	QPRF00028537	0	51057240	C.C.F	577800	1		860066942	100	0			0				0		028
QPRF00028537_00057	QPRF00028537	0	51057240	C.C.F	154900	1		860066942	093	0			0				0		014
QPRF00028537_00058	QPRF00028537	0	51057240	C.C.F	151900	1		860066942	093	0			0				0		011
QPRF00028537_00059	QPRF00028537	0	51057240	C.C.F	626600	1		860066942	093	0			0				0		025
QPRF00028537_00060	QPRF00028537	0	51057240	C.C.F	30500	1		860066942	096	0			0				0		001
QPRF00028537_00061	QPRF00028537	0	52057240	C.C.F	283900	1		860066942	170	0			0				0		
QPRF00028537_00062	QPRF00028537	0	51057240	C.C.F	199900	1		860066942	099	0			0				0		151
QPRF00028537_00063	QPRF00028537	0	51057240	C.C.F	7200	1		860066942	098	0			0				0		900
QPRF00028537_00064	QPRF00028537	0	52057240	C.C.F	28400	1		860066942	530	0			0				0		
QPRF00028537_00065	QPRF00028537	0	51057240	C.C.F	124300	1		860066942	099	0			0				0		103
QPRF00028538_00067	QPRF00028538	0	51056940	EPS	80544	1		900462447	093	0			0				0		014
QPRF00028539_00068	QPRF00028539	0	51056940	EPS	14	1		890303093	098	0			0				0		900
QPRF00028540_00069	QPRF00028540	0	51056940	EPS	161988	1		860066942	093	0			0				0		012
QPRF00028540_00070	QPRF00028540	0	51056940	EPS	80544	1		860066942	093	0			0				0		021
QPRF00028540_00071	QPRF00028540	0	51056940	EPS	12200	1		860066942	093	0			0				0		018
QPRF00028541_00072	QPRF00028541	0	52056940	EPS	38	1		800251440	151	0			0				0		
QPRF00028541_00073	QPRF00028541	0	51056940	EPS	1331500	1		800251440	093	0			0				0		025
QPRF00028541_00074	QPRF00028541	0	52056940	EPS	100	1		800251440	170	0			0				0		
QPRF00028542_00075	QPRF00028542	0	52056940	EPS	400	1		800250119	801	0			0				0		
QPRF00028542_00076	QPRF00028542	0	52056940	EPS	1400	1		800250119	170	0			0				0		
QPRF00028543_00077	QPRF00028543	0	51056940	EPS	80544	1		800140949	093	0			0				0		018
QPRF00028544_00078	QPRF00028544	0	52056803	ARP	34400	1		860002503	841	0			0				0		
QPRF00028544_00079	QPRF00028544	0	51056803	ARP	7600	1		860002503	093	0			0				0		022
QPRF00028544_00080	QPRF00028544	0	51056803	ARP	8000	1		860002503	096	0			0				0		001
QPRF00028544_00081	QPRF00028544	0	52056803	ARP	68200	1		860002503	710	0			0				0		
QPRF00028544_00082	QPRF00028544	0	52056803	ARP	90800	1		860002503	851	0			0				0		
QPRF00028544_00083	QPRF00028544	0	51056803	ARP	52200	1		860002503	099	0			0				0		151
QPRF00028544_00084	QPRF00028544	0	52056803	ARP	28100	1		860002503	503	0			0				0		
QPRF00028544_00085	QPRF00028544	0	52056803	ARP	38600	1		860002503	543	0			0				0		
QPRF00028544_00086	QPRF00028544	0	51056803	ARP	7200	1		860002503	099	0			0				0		702
QPRF00028544_00087	QPRF00028544	0	52056803	ARP	175000	1		860002503	501	0			0				0		
QPRF00028544_00088	QPRF00028544	0	51056803	ARP	95500	1		860002503	100	0			0				0		028
QPRF00028544_00089	QPRF00028544	0	51056803	ARP	32300	1		860002503	093	0			0				0		012
QPRF00028544_00090	QPRF00028544	0	52056803	ARP	47200	1		860002503	541	0			0				0		
QPRF00028544_00091	QPRF00028544	0	52056803	ARP	186000	1		860002503	402	0			0				0		
QPRF00028544_00092	QPRF00028544	0	51056803	ARP	34800	1		860002503	093	0			0				0		014
QPRF00028544_00093	QPRF00028544	0	51056803	ARP	22300	1		860002503	099	0			0				0		201
QPRF00028544_00094	QPRF00028544	0	52056803	ARP	38900	1		860002503	410	0			0				0		
QPRF00028544_00095	QPRF00028544	0	52056803	ARP	146200	1		860002503	550	0			0				0		
QPRF00028544_00096	QPRF00028544	0	52056803	ARP	85500	1		860002503	104	0			0				0		
QPRF00028544_00097	QPRF00028544	0	51056803	ARP	8147	1		860002503	098	0			0				0		900
QPRF00028544_00098	QPRF00028544	0	52056803	ARP	47100	1		860002503	545	0			0				0		
QPRF00028544_00099	QPRF00028544	0	52056803	ARP	30500	1		860002503	601	0			0				0		
QPRF00028544_00100	QPRF00028544	0	52056803	ARP	51800	1		860002503	711	0			0				0		
QPRF00028544_00101	QPRF00028544	0	52056803	ARP	56100	1		860002503	512	0			0				0		
QPRF00028544_00102	QPRF00028544	0	51056803	ARP	4900	1		860002503	093	0			0				0		010
QPRF00028544_00103	QPRF00028544	0	52056803	ARP	83700	1		860002503	801	0			0				0		
QPRF00028544_00104	QPRF00028544	0	52056803	ARP	134500	1		860002503	102	0			0				0		
QPRF00028544_00105	QPRF00028544	0	51056803	ARP	33756	1		860002503	093	0			0				0		009
QPRF00028544_00106	QPRF00028544	0	51056803	ARP	37800	1		860002503	099	0			0				0		501
QPRF00028544_00107	QPRF00028544	0	52056803	ARP	80300	1		860002503	802	0			0				0		
QPRF00028544_00108	QPRF00028544	0	52056803	ARP	37900	1		860002503	530	0			0				0		
QPRF00028544_00109	QPRF00028544	0	51056803	ARP	23900	1		860002503	093	0			0				0		011
QPRF00028544_00110	QPRF00028544	0	52056803	ARP	10500	1		860002503	701	0			0				0		
QPRF00028544_00111	QPRF00028544	0	52056803	ARP	74900	1		860002503	403	0			0				0		
QPRF00028544_00112	QPRF00028544	0	52056803	ARP	66431	1		860002503	151	0			0				0		
QPRF00028544_00113	QPRF00028544	0	52056803	ARP	74000	1		860002503	830	0			0				0		
QPRF00028544_00114	QPRF00028544	0	51056803	ARP	81800	1		860002503	093	0			0				0		025
QPRF00028544_00115	QPRF00028544	0	52056803	ARP	78600	1		860002503	610	0			0				0		
QPRF00028544_00116	QPRF00028544	0	52056803	ARP	26134	1		860002503	510	0			0				0		
QPRF00028544_00117	QPRF00028544	0	51056803	ARP	29400	1		860002503	093	0			0				0		018
QPRF00028544_00118	QPRF00028544	0	52056803	ARP	66528	1		860002503	850	0			0				0		
QPRF00028544_00119	QPRF00028544	0	52056803	ARP	96345	1		860002503	170	0			0				0		
QPRF00028544_00120	QPRF00028544	0	51056803	ARP	31200	1		860002503	093	0			0				0		017
QPRF00028544_00121	QPRF00028544	0	51056803	ARP	8800	1		860002503	093	0			0				0		023
QPRF00028544_00122	QPRF00028544	0	52056803	ARP	82500	1		860002503	542	0			0				0		
QPRF00028544_00123	QPRF00028544	0	52056803	ARP	52900	1		860002503	201	0			0				0		
QPRF00028544_00124	QPRF00028544	0	51056803	ARP	184300	1		860002503	099	0			0				0		102
QPRF00028544_00125	QPRF00028544	0	51056803	ARP	27700	1		860002503	099	0			0				0		103
QPRF00028544_00126	QPRF00028544	0	52056803	ARP	24800	1		860002503	620	0			0				0		
QPRF00028544_00127	QPRF00028544	0	52056803	ARP	142147	1		860002503	560	0			0				0		
QPRF00028544_00128	QPRF00028544	0	51056803	ARP	30300	1		860002503	099	0			0				0		510
QPRF00028544_00129	QPRF00028544	0	51056803	ARP	150600	1		860002503	098	0			0				0		999
QPRF00028545_00130	QPRF00028545	0	51057040	AFP	77300	1		900336004	093	0			0				0		009
QPRF00028545_00149	QPRF00028545	0	52057040	AFP	84200	1		900336004	402	0			0				0		
QPRF00028545_00132	QPRF00028545	0	52057040	AFP	153600	1		900336004	542	0			0				0		
QPRF00028545_00133	QPRF00028545	0	51057040	AFP	166800	1		900336004	093	0			0				0		018
QPRF00028545_00134	QPRF00028545	0	52057040	AFP	84400	1		900336004	512	0			0				0		
QPRF00028545_00135	QPRF00028545	0	52057040	AFP	282600	1		900336004	610	0			0				0		
QPRF00028545_00136	QPRF00028545	0	52057040	AFP	285400	1		900336004	170	0			0				0		
QPRF00028545_00137	QPRF00028545	0	52057040	AFP	80000	1		900336004	851	0			0				0		
QPRF00028545_00138	QPRF00028545	0	52057040	AFP	86800	1		900336004	801	0			0				0		
QPRF00028545_00139	QPRF00028545	0	51057040	AFP	96400	1		900336004	099	0			0				0		510
QPRF00028545_00140	QPRF00028545	0	52057040	AFP	165600	1		900336004	403	0			0				0		
QPRF00028545_00141	QPRF00028545	0	52057040	AFP	161400	1		900336004	503	0			0				0		
QPRF00028545_00142	QPRF00028545	0	51057040	AFP	101800	1		900336004	093	0			0				0		014
QPRF00028545_00143	QPRF00028545	0	51057040	AFP	1879800	1		900336004	093	0			0				0		025
QPRF00028545_00144	QPRF00028545	0	51057040	AFP	116000	1		900336004	093	0			0				0		010
QPRF00028545_00145	QPRF00028545	0	51057040	AFP	91400	1		900336004	096	0			0				0		001
QPRF00028545_00146	QPRF00028545	0	52057040	AFP	99000	1		900336004	102	0			0				0		
QPRF00028545_00147	QPRF00028545	0	51057040	AFP	18100	1		900336004	098	0			0				0		900
QPRF00028545_00148	QPRF00028545	0	51057040	AFP	93200	1		900336004	098	0			0				0		999
QPRF00028545_00131	QPRF00028545	0	52057040	AFP	267400	1		900336004	501	0			0				0		
QPRF00028546_00150	QPRF00028546	0	51057040	AFP	77300	1		800253055	093	0			0				0		009
QPRF00028547_00151	QPRF00028547	0	51057040	AFP	263600	1		800229739	099	0			0				0		103
QPRF00028547_00186	QPRF00028547	0	51057040	AFP	1326400	1		800229739	100	0			0				0		028
QPRF00028547_00153	QPRF00028547	0	52057040	AFP	317800	1		800229739	802	0			0				0		
QPRF00028547_00154	QPRF00028547	0	51057040	AFP	442200	1		800229739	099	0			0				0		102
QPRF00028547_00155	QPRF00028547	0	52057040	AFP	370600	1		800229739	170	0			0				0		
QPRF00028547_00156	QPRF00028547	0	52057040	AFP	458800	1		800229739	550	0			0				0		
QPRF00028547_00157	QPRF00028547	0	52057040	AFP	586600	1		800229739	104	0			0				0		
QPRF00028547_00158	QPRF00028547	0	52057040	AFP	429600	1		800229739	201	0			0				0		
QPRF00028547_00159	QPRF00028547	0	52057040	AFP	80400	1		800229739	701	0			0				0		
QPRF00028547_00160	QPRF00028547	0	52057040	AFP	83600	1		800229739	710	0			0				0		
QPRF00028547_00161	QPRF00028547	0	51057040	AFP	372400	1		800229739	099	0			0				0		151
QPRF00028547_00162	QPRF00028547	0	52057040	AFP	218600	1		800229739	102	0			0				0		
QPRF00028547_00163	QPRF00028547	0	52057040	AFP	386200	1		800229739	410	0			0				0		
QPRF00028547_00164	QPRF00028547	0	51057040	AFP	256600	1		800229739	099	0			0				0		201
QPRF00028547_00165	QPRF00028547	0	51057040	AFP	341800	1		800229739	098	0			0				0		999
QPRF00028547_00166	QPRF00028547	0	52057040	AFP	244600	1		800229739	541	0			0				0		
QPRF00028547_00167	QPRF00028547	0	52057040	AFP	84400	1		800229739	620	0			0				0		
QPRF00028547_00168	QPRF00028547	0	52057040	AFP	363400	1		800229739	801	0			0				0		
QPRF00028547_00169	QPRF00028547	0	52057040	AFP	343400	1		800229739	841	0			0				0		
QPRF00028547_00170	QPRF00028547	0	52057040	AFP	125400	1		800229739	543	0			0				0		
QPRF00028547_00171	QPRF00028547	0	51057040	AFP	150000	1		800229739	093	0			0				0		014
QPRF00028547_00172	QPRF00028547	0	52057040	AFP	97200	1		800229739	512	0			0				0		
QPRF00028547_00173	QPRF00028547	0	51057040	AFP	343400	1		800229739	093	0			0				0		011
QPRF00028547_00174	QPRF00028547	0	51057040	AFP	309200	1		800229739	093	0			0				0		009
QPRF00028547_00175	QPRF00028547	0	52057040	AFP	238400	1		800229739	830	0			0				0		
QPRF00028547_00176	QPRF00028547	0	51057040	AFP	505900	1		800229739	093	0			0				0		012
QPRF00028547_00177	QPRF00028547	0	51057040	AFP	90600	1		800229739	093	0			0				0		022
QPRF00028547_00178	QPRF00028547	0	51057040	AFP	215200	1		800229739	099	0			0				0		501
QPRF00028547_00179	QPRF00028547	0	52057040	AFP	252200	1		800229739	610	0			0				0		
QPRF00028547_00180	QPRF00028547	0	52057040	AFP	477400	1		800229739	402	0			0				0		
QPRF00028547_00181	QPRF00028547	0	52057040	AFP	222600	1		800229739	510	0			0				0		
QPRF00028547_00182	QPRF00028547	0	52057040	AFP	77300	1		800229739	542	0			0				0		
QPRF00028547_00183	QPRF00028547	0	52057040	AFP	219400	1		800229739	151	0			0				0		
QPRF00028547_00184	QPRF00028547	0	52057040	AFP	229200	1		800229739	545	0			0				0		
QPRF00028547_00185	QPRF00028547	0	51057040	AFP	552000	1		800229739	093	0			0				0		017
QPRF00028547_00152	QPRF00028547	0	52057040	AFP	472400	1		800229739	711	0			0				0		
QPRF00028548_00187	QPRF00028548	0	51057040	AFP	257600	1		800227940	100	0			0				0		028
QPRF00028548_00203	QPRF00028548	0	52057040	AFP	153000	1		800227940	830	0			0				0		
QPRF00028548_00189	QPRF00028548	0	52057040	AFP	105200	1		800227940	530	0			0				0		
QPRF00028548_00190	QPRF00028548	0	52057040	AFP	191600	1		800227940	541	0			0				0		
QPRF00028548_00191	QPRF00028548	0	52057040	AFP	91400	1		800227940	801	0			0				0		
QPRF00028548_00192	QPRF00028548	0	52057040	AFP	319800	1		800227940	104	0			0				0		
QPRF00028548_00193	QPRF00028548	0	52057040	AFP	82800	1		800227940	402	0			0				0		
QPRF00028548_00194	QPRF00028548	0	52057040	AFP	514200	1		800227940	850	0			0				0		
QPRF00028548_00195	QPRF00028548	0	51057040	AFP	265100	1		800227940	093	0			0				0		018
QPRF00028548_00196	QPRF00028548	0	52057040	AFP	67050	1		800227940	151	0			0				0		
QPRF00028548_00197	QPRF00028548	0	52057040	AFP	108600	1		800227940	841	0			0				0		
QPRF00028548_00198	QPRF00028548	0	51057040	AFP	227000	1		800227940	099	0			0				0		102
QPRF00028548_00199	QPRF00028548	0	51057040	AFP	123000	1		800227940	093	0			0				0		011
QPRF00028548_00200	QPRF00028548	0	52057040	AFP	83200	1		800227940	620	0			0				0		
QPRF00028548_00201	QPRF00028548	0	52057040	AFP	84200	1		800227940	410	0			0				0		
QPRF00028548_00202	QPRF00028548	0	52057040	AFP	285400	1		800227940	543	0			0				0		
QPRF00028548_00188	QPRF00028548	0	52057040	AFP	126800	1		800227940	710	0			0				0		
QPRF00028549_00204	QPRF00028549	0	52057040	AFP	353200	1		800224808	601	0			0				0		
QPRF00028549_00245	QPRF00028549	0	52057040	AFP	80000	1		800224808	701	0			0				0		
QPRF00028549_00206	QPRF00028549	0	52057040	AFP	169400	1		800224808	830	0			0				0		
QPRF00028549_00207	QPRF00028549	0	52057040	AFP	122600	1		800224808	711	0			0				0		
QPRF00028549_00208	QPRF00028549	0	52057040	AFP	208200	1		800224808	104	0			0				0		
QPRF00028549_00209	QPRF00028549	0	52057040	AFP	180200	1		800224808	512	0			0				0		
QPRF00028549_00210	QPRF00028549	0	52057040	AFP	312400	1		800224808	545	0			0				0		
QPRF00028549_00211	QPRF00028549	0	51057040	AFP	213200	1		800224808	093	0			0				0		014
QPRF00028549_00212	QPRF00028549	0	51057040	AFP	171200	1		800224808	093	0			0				0		022
QPRF00028549_00213	QPRF00028549	0	51057040	AFP	219200	1		800224808	100	0			0				0		028
QPRF00028549_00214	QPRF00028549	0	51057040	AFP	60240	1		800224808	098	0			0				0		900
QPRF00028549_00215	QPRF00028549	0	52057040	AFP	201500	1		800224808	170	0			0				0		
QPRF00028549_00216	QPRF00028549	0	52057040	AFP	128000	1		800224808	802	0			0				0		
QPRF00028549_00217	QPRF00028549	0	52057040	AFP	850800	1		800224808	102	0			0				0		
QPRF00028549_00218	QPRF00028549	0	51057040	AFP	218800	1		800224808	099	0			0				0		501
QPRF00028549_00219	QPRF00028549	0	52057040	AFP	373700	1		800224808	550	0			0				0		
QPRF00028549_00220	QPRF00028549	0	52057040	AFP	510800	1		800224808	851	0			0				0		
QPRF00028549_00221	QPRF00028549	0	52057040	AFP	476400	1		800224808	151	0			0				0		
QPRF00028549_00222	QPRF00028549	0	52057040	AFP	85000	1		800224808	543	0			0				0		
QPRF00028549_00223	QPRF00028549	0	52057040	AFP	117800	1		800224808	620	0			0				0		
QPRF00028549_00224	QPRF00028549	0	52057040	AFP	359000	1		800224808	542	0			0				0		
QPRF00028549_00225	QPRF00028549	0	52057040	AFP	249900	1		800224808	850	0			0				0		
QPRF00028549_00226	QPRF00028549	0	51057040	AFP	227200	1		800224808	099	0			0				0		151
QPRF00028549_00227	QPRF00028549	0	52057040	AFP	221000	1		800224808	403	0			0				0		
QPRF00028549_00228	QPRF00028549	0	51057040	AFP	109400	1		800224808	099	0			0				0		103
QPRF00028549_00229	QPRF00028549	0	51057040	AFP	252200	1		800224808	099	0			0				0		510
QPRF00028549_00230	QPRF00028549	0	51057040	AFP	82600	1		800224808	099	0			0				0		702
QPRF00028549_00231	QPRF00028549	0	52057040	AFP	290200	1		800224808	402	0			0				0		
QPRF00028549_00232	QPRF00028549	0	52057040	AFP	336800	1		800224808	530	0			0				0		
QPRF00028549_00233	QPRF00028549	0	51057040	AFP	90400	1		800224808	093	0			0				0		012
QPRF00028549_00234	QPRF00028549	0	52057040	AFP	101400	1		800224808	710	0			0				0		
QPRF00028549_00235	QPRF00028549	0	51057040	AFP	81600	1		800224808	093	0			0				0		017
QPRF00028549_00236	QPRF00028549	0	52057040	AFP	646300	1		800224808	560	0			0				0		
QPRF00028549_00237	QPRF00028549	0	52057040	AFP	186400	1		800224808	201	0			0				0		
QPRF00028549_00238	QPRF00028549	0	51057040	AFP	336200	1		800224808	098	0			0				0		999
QPRF00028549_00239	QPRF00028549	0	52057040	AFP	77400	1		800224808	510	0			0				0		
QPRF00028549_00240	QPRF00028549	0	52057040	AFP	162400	1		800224808	503	0			0				0		
QPRF00028549_00241	QPRF00028549	0	52057040	AFP	530600	1		800224808	501	0			0				0		
QPRF00028549_00242	QPRF00028549	0	52057040	AFP	471200	1		800224808	801	0			0				0		
QPRF00028549_00243	QPRF00028549	0	52057040	AFP	117600	1		800224808	541	0			0				0		
QPRF00028549_00244	QPRF00028549	0	51057040	AFP	202600	1		800224808	093	0			0				0		023
QPRF00028549_00205	QPRF00028549	0	51057040	AFP	491600	1		800224808	099	0			0				0		102
