QPRV00001297_00010	QPRV00001297	0	520533	190	1761	1		900428423	201	0			0				0		
QPRV00001297_00011	QPRV00001297	0	520533	190	7689	1		900428423	001	0			0				0		
QPRV00001297_00007	QPRV00001297	0	520533	190	3597	1		900428423	501	0			0				0		
QPRV00001297_00009	QPRV00001297	0	510533	190	679	1		900428423	100	0			0				0		018
QPRV00001297_00008	QPRV00001297	0	510533	190	4782	1		900428423	100	0			0				0		100
QPRV00001297_00005	QPRV00001297	0	520533	190	2840	1		900428423	103	0			0				0		
QPRV00001297_00006	QPRV00001297	0	510533	190	898	1		900428423	093	0			0				0		011
QPRV00001298_00017	QPRV00001298	0	51053040	175	478288	1		900428423	100	0			0				0		100
QPRV00001298_00016	QPRV00001298	0	52053040	175	359650	1		900428423	501	0			0				0		
QPRV00001298_00015	QPRV00001298	0	51053040	175	67892	1		900428423	100	0			0				0		018
QPRV00001298_00014	QPRV00001298	0	51053040	175	89808	1		900428423	093	0			0				0		011
QPRV00001298_00013	QPRV00001298	0	52053040	175	284072	1		900428423	103	0			0				0		
QPRV00001298_00012	QPRV00001298	0	52053040	175	217981	1		900428423	201	0			0				0		
QPRV00001298_00018	QPRV00001298	0	52053040	175	837132	1		900428423	001	0			0				0		
QPRV00001299_00019	QPRV00001299	0	510539	145	872912	1		900428423	093	0			0				0		020
QPRV00001299_00020	QPRV00001299	0	510539	145	41667	1		900428423	093	0			0				0		011
QPRV00001299_00028	QPRV00001299	0	520539	145	152675	1		900428423	103	0			0				0		
QPRV00001299_00027	QPRV00001299	0	510539	145	596268	2		900428423	100	0			0				0		100
QPRV00001299_00026	QPRV00001299	0	520539	145	485321	1		900428423	501	0			0				0		
QPRV00001299_00025	QPRV00001299	0	510539	145	53708	1		900428423	100	0			0				0		018
QPRV00001299_00024	QPRV00001299	0	520539	145	1927570	1		900428423	001	0			0				0		
QPRV00001299_00023	QPRV00001299	0	520539	145	67011	1		900428423	201	0			0				0		
QPRV00001299_00021	QPRV00001299	0	510539	145	110833	1		900428423	100	0			0				0		100
QPRV00001299_00022	QPRV00001299	0	520539	145	76	2		900428423	103	0			0				0		
QPRV00001300_00032	QPRV00001300	0	510536	130	478288	1		900428423	100	0			0				0		100
QPRV00001300_00031	QPRV00001300	0	520536	130	217981	1		900428423	201	0			0				0		
QPRV00001300_00030	QPRV00001300	0	510536	130	89808	1		900428423	093	0			0				0		011
QPRV00001300_00029	QPRV00001300	0	510536	130	67892	1		900428423	100	0			0				0		018
QPRV00001300_00034	QPRV00001300	0	520536	130	837132	1		900428423	001	0			0				0		
QPRV00001300_00033	QPRV00001300	0	520536	130	359650	1		900428423	501	0			0				0		
QPRV00001300_00035	QPRV00001300	0	520536	130	284072	1		900428423	103	0			0				0		
