QPRV00023656_00001	QPRV00023656	0	510533	190	25880	1		832004104	099	0			0				0		100
QPRV00023656_00039	QPRV00023656	0	520533	190	36847	1		832004104	151	0			0				0		
QPRV00023656_00003	QPRV00023656	0	510533	190	34699	1		832004104	093	0			0				0		011
QPRV00023656_00004	QPRV00023656	0	510533	190	11117	1		832004104	093	0			0				0		009
QPRV00023656_00005	QPRV00023656	0	510533	190	5666	1		832004104	096	0			0				0		102
QPRV00023656_00006	QPRV00023656	0	510533	190	5786	1		832004104	100	0			0				0		027
QPRV00023656_00007	QPRV00023656	0	510533	190	13173	1		832004104	098	0			0				0		201
QPRV00023656_00008	QPRV00023656	0	520533	190	21790	1		832004104	201	0			0				0		
QPRV00023656_00009	QPRV00023656	0	510533	190	18417	1		832004104	093	0			0				0		012
QPRV00023656_00010	QPRV00023656	0	510533	190	13064	1		832004104	098	0			0				0		102
QPRV00023656_00011	QPRV00023656	0	510533	190	35677	1		832004104	098	0			0				0		701
QPRV00023656_00012	QPRV00023656	0	510533	190	51379	1		832004104	098	0			0				0		151
QPRV00023656_00013	QPRV00023656	0	520533	190	40114	1		832004104	410	0			0				0		
QPRV00023656_00014	QPRV00023656	0	520533	190	29289	1		832004104	512	0			0				0		
QPRV00023656_00015	QPRV00023656	0	510533	190	7015	1		832004104	096	0			0				0		100
QPRV00023656_00016	QPRV00023656	0	510533	190	33772	1		832004104	093	0			0				0		017
QPRV00023656_00017	QPRV00023656	0	520533	190	105762	1		832004104	501	0			0				0		
QPRV00023656_00018	QPRV00023656	0	510533	190	12833	1		832004104	100	0			0				0		026
QPRV00023656_00019	QPRV00023656	0	510533	190	11036	1		832004104	098	0			0				0		510
QPRV00023656_00020	QPRV00023656	0	510533	190	45493	1		832004104	098	0			0				0		104
QPRV00023656_00021	QPRV00023656	0	510533	190	10152	1		832004104	100	0			0				0		029
QPRV00023656_00022	QPRV00023656	0	520533	190	132371	1		832004104	510	0			0				0		
QPRV00023656_00023	QPRV00023656	0	510533	190	24758	1		832004104	098	0			0				0		501
QPRV00023656_00024	QPRV00023656	0	510533	190	27048	1		832004104	100	0			0				0		028
QPRV00023656_00025	QPRV00023656	0	510533	190	48765	1		832004104	093	0			0				0		014
QPRV00023656_00026	QPRV00023656	0	520533	190	49064	1		832004104	210	0			0				0		
QPRV00023656_00027	QPRV00023656	0	510533	190	24341	1		832004104	098	0			0				0		109
QPRV00023656_00028	QPRV00023656	0	520533	190	14144	1		832004104	721	0			0				0		
QPRV00023656_00029	QPRV00023656	0	510533	190	28889	1		832004104	098	0			0				0		410
QPRV00023656_00030	QPRV00023656	0	510533	190	11769	1		832004104	098	0			0				0		620
QPRV00023656_00031	QPRV00023656	0	510533	190	16386	1		832004104	093	0			0				0		018
QPRV00023656_00032	QPRV00023656	0	520533	190	27446	1		832004104	511	0			0				0		
QPRV00023656_00033	QPRV00023656	0	510533	190	11124	1		832004104	093	0			0				0		025
QPRV00023656_00034	QPRV00023656	0	510533	190	21589	1		832004104	093	0			0				0		013
QPRV00023656_00035	QPRV00023656	0	520533	190	660	1		832004104	103	0			0				0		
QPRV00023656_00036	QPRV00023656	0	510533	190	15292	1		832004104	093	0			0				0		010
QPRV00023656_00037	QPRV00023656	0	520533	190	28788	1		832004104	702	0			0				0		
QPRV00023656_00038	QPRV00023656	0	520533	190	66359	1		832004104	701	0			0				0		
QPRV00023656_00002	QPRV00023656	0	510533	190	4620	1		832004104	093	0			0				0		019
QPRV00023657_00040	QPRV00023657	0	51053040	175	128397	1		832004104	098	0			0				0		510
QPRV00023657_00041	QPRV00023657	0	51053040	175	496128	1		832004104	098	0			0				0		104
QPRV00023657_00042	QPRV00023657	0	51053040	175	385305	1		832004104	093	0			0				0		011
QPRV00023657_00043	QPRV00023657	0	51053040	175	624981	1		832004104	098	0			0				0		151
QPRV00023657_00044	QPRV00023657	0	51053040	175	64334	1		832004104	100	0			0				0		027
QPRV00023657_00045	QPRV00023657	0	51053040	175	146950	1		832004104	098	0			0				0		201
QPRV00023657_00046	QPRV00023657	0	52053040	175	1354883	1		832004104	501	0			0				0		
QPRV00023657_00047	QPRV00023657	0	51053040	175	113000	1		832004104	100	0			0				0		029
QPRV00023657_00048	QPRV00023657	0	51053040	175	435038	1		832004104	099	0			0				0		100
QPRV00023657_00049	QPRV00023657	0	51053040	175	286641	1		832004104	098	0			0				0		501
QPRV00023657_00050	QPRV00023657	0	51053040	175	377188	1		832004104	098	0			0				0		701
QPRV00023657_00051	QPRV00023657	0	52053040	175	200253	1		832004104	721	0			0				0		
QPRV00023657_00052	QPRV00023657	0	51053040	175	167751	1		832004104	100	0			0				0		026
QPRV00023657_00053	QPRV00023657	0	52053040	175	1575564	1		832004104	510	0			0				0		
QPRV00023657_00054	QPRV00023657	0	52053040	175	300066	1		832004104	511	0			0				0		
QPRV00023657_00055	QPRV00023657	0	52053040	175	427866	1		832004104	151	0			0				0		
QPRV00023657_00056	QPRV00023657	0	52053040	175	251744	1		832004104	201	0			0				0		
QPRV00023657_00057	QPRV00023657	0	51053040	175	141029	1		832004104	093	0			0				0		025
QPRV00023657_00058	QPRV00023657	0	51053040	175	62833	1		832004104	096	0			0				0		102
QPRV00023657_00059	QPRV00023657	0	51053040	175	188083	1		832004104	093	0			0				0		018
QPRV00023657_00060	QPRV00023657	0	51053040	175	261764	1		832004104	098	0			0				0		109
QPRV00023657_00061	QPRV00023657	0	51053040	175	123545	1		832004104	093	0			0				0		009
QPRV00023657_00062	QPRV00023657	0	52053040	175	703595	1		832004104	701	0			0				0		
QPRV00023657_00063	QPRV00023657	0	51053040	175	78083	1		832004104	096	0			0				0		100
QPRV00023657_00064	QPRV00023657	0	51053040	175	265401	1		832004104	093	0			0				0		013
QPRV00023657_00065	QPRV00023657	0	51053040	175	165225	1		832004104	098	0			0				0		102
QPRV00023657_00066	QPRV00023657	0	51053040	175	169916	1		832004104	093	0			0				0		010
QPRV00023657_00067	QPRV00023657	0	51053040	175	140004	1		832004104	098	0			0				0		620
QPRV00023657_00068	QPRV00023657	0	52053040	175	26415	1		832004104	103	0			0				0		
QPRV00023657_00069	QPRV00023657	0	51053040	175	582843	1		832004104	093	0			0				0		014
QPRV00023657_00070	QPRV00023657	0	51053040	175	374645	1		832004104	093	0			0				0		017
QPRV00023657_00071	QPRV00023657	0	51053040	175	204550	1		832004104	093	0			0				0		012
QPRV00023657_00072	QPRV00023657	0	51053040	175	77000	1		832004104	093	0			0				0		019
QPRV00023657_00073	QPRV00023657	0	52053040	175	336426	1		832004104	512	0			0				0		
QPRV00023657_00074	QPRV00023657	0	51053040	175	335698	1		832004104	098	0			0				0		410
QPRV00023657_00075	QPRV00023657	0	52053040	175	561734	1		832004104	210	0			0				0		
QPRV00023657_00076	QPRV00023657	0	52053040	175	395912	1		832004104	410	0			0				0		
QPRV00023657_00077	QPRV00023657	0	51053040	175	333218	1		832004104	100	0			0				0		028
QPRV00023657_00078	QPRV00023657	0	52053040	175	352934	1		832004104	702	0			0				0		
QPRV00023658_00079	QPRV00023658	0	510539	145	53417	1		832004104	100	0			0				0		029
QPRV00023658_00114	QPRV00023658	0	510539	145	181875	1		832004104	093	0			0				0		017
QPRV00023658_00081	QPRV00023658	0	520539	145	111183	1		832004104	201	0			0				0		
QPRV00023658_00082	QPRV00023658	0	520539	145	143079	1		832004104	511	0			0				0		
QPRV00023658_00083	QPRV00023658	0	520539	145	183583	1		832004104	512	0			0				0		
QPRV00023658_00084	QPRV00023658	0	510539	145	64348	1		832004104	093	0			0				0		025
QPRV00023658_00085	QPRV00023658	0	510539	145	90407	1		832004104	098	0			0				0		109
QPRV00023658_00086	QPRV00023658	0	510539	145	68358	1		832004104	098	0			0				0		620
QPRV00023658_00087	QPRV00023658	0	510539	145	283091	1		832004104	098	0			0				0		104
QPRV00023658_00088	QPRV00023658	0	510539	145	55618	1		832004104	093	0			0				0		009
QPRV00023658_00089	QPRV00023658	0	510539	145	205690	1		832004104	098	0			0				0		410
QPRV00023658_00090	QPRV00023658	0	510539	145	399023	1		832004104	100	0			0				0		026
QPRV00023658_00091	QPRV00023658	0	510539	145	239708	1		832004104	093	0			0				0		014
QPRV00023658_00092	QPRV00023658	0	510539	145	183918	1		832004104	093	0			0				0		011
QPRV00023658_00093	QPRV00023658	0	510539	145	167317	1		832004104	098	0			0				0		701
QPRV00023658_00094	QPRV00023658	0	520539	145	255997	1		832004104	701	0			0				0		
QPRV00023658_00095	QPRV00023658	0	520539	145	97167	1		832004104	410	0			0				0		
QPRV00023658_00096	QPRV00023658	0	510539	145	160750	1		832004104	100	0			0				0		028
QPRV00023658_00097	QPRV00023658	0	510539	145	126708	1		832004104	093	0			0				0		013
QPRV00023658_00098	QPRV00023658	0	520539	145	58686	1		832004104	721	0			0				0		
QPRV00023658_00099	QPRV00023658	0	520539	145	701140	1		832004104	510	0			0				0		
QPRV00023658_00100	QPRV00023658	0	510539	145	98169	1		832004104	098	0			0				0		102
QPRV00023658_00101	QPRV00023658	0	510539	145	118683	1		832004104	093	0			0				0		018
QPRV00023658_00102	QPRV00023658	0	510539	145	393762	1		832004104	098	0			0				0		151
QPRV00023658_00103	QPRV00023658	0	510539	145	200199	1		832004104	099	0			0				0		100
QPRV00023658_00104	QPRV00023658	0	520539	145	270863	1		832004104	210	0			0				0		
QPRV00023658_00105	QPRV00023658	0	520539	145	168463	1		832004104	702	0			0				0		
QPRV00023658_00106	QPRV00023658	0	510539	145	93333	1		832004104	093	0			0				0		012
QPRV00023658_00107	QPRV00023658	0	510539	145	35416	1		832004104	093	0			0				0		019
QPRV00023658_00108	QPRV00023658	0	520539	145	313770	1		832004104	151	0			0				0		
QPRV00023658_00109	QPRV00023658	0	520539	145	683561	1		832004104	501	0			0				0		
QPRV00023658_00110	QPRV00023658	0	510539	145	84958	1		832004104	093	0			0				0		010
QPRV00023658_00111	QPRV00023658	0	510539	145	35958	1		832004104	096	0			0				0		100
QPRV00023658_00112	QPRV00023658	0	510539	145	28340	1		832004104	096	0			0				0		102
QPRV00023658_00113	QPRV00023658	0	510539	145	68626	1		832004104	098	0			0				0		201
QPRV00023658_00080	QPRV00023658	0	520539	145	29167	1		832004104	103	0			0				0		
QPRV00023659_00115	QPRV00023659	0	510536	130	496128	1		832004104	098	0			0				0		104
QPRV00023659_00153	QPRV00023659	0	510536	130	385305	1		832004104	093	0			0				0		011
QPRV00023659_00117	QPRV00023659	0	510536	130	374645	1		832004104	093	0			0				0		017
QPRV00023659_00118	QPRV00023659	0	520536	130	1354883	1		832004104	501	0			0				0		
QPRV00023659_00119	QPRV00023659	0	520536	130	352015	1		832004104	511	0			0				0		
QPRV00023659_00120	QPRV00023659	0	510536	130	188083	1		832004104	093	0			0				0		018
QPRV00023659_00121	QPRV00023659	0	510536	130	169916	1		832004104	093	0			0				0		010
QPRV00023659_00122	QPRV00023659	0	520536	130	200253	1		832004104	721	0			0				0		
QPRV00023659_00123	QPRV00023659	0	510536	130	62833	1		832004104	096	0			0				0		102
QPRV00023659_00124	QPRV00023659	0	510536	130	77000	1		832004104	093	0			0				0		019
QPRV00023659_00125	QPRV00023659	0	520536	130	1575564	1		832004104	510	0			0				0		
QPRV00023659_00126	QPRV00023659	0	510536	130	377188	1		832004104	098	0			0				0		701
QPRV00023659_00127	QPRV00023659	0	510536	130	141029	1		832004104	093	0			0				0		025
QPRV00023659_00128	QPRV00023659	0	510536	130	140004	1		832004104	098	0			0				0		620
QPRV00023659_00129	QPRV00023659	0	510536	130	123545	1		832004104	093	0			0				0		009
QPRV00023659_00130	QPRV00023659	0	520536	130	561734	1		832004104	210	0			0				0		
QPRV00023659_00131	QPRV00023659	0	520536	130	427989	1		832004104	151	0			0				0		
QPRV00023659_00132	QPRV00023659	0	510536	130	128397	1		832004104	098	0			0				0		510
QPRV00023659_00133	QPRV00023659	0	510536	130	335698	1		832004104	098	0			0				0		410
QPRV00023659_00134	QPRV00023659	0	510536	130	167751	1		832004104	100	0			0				0		026
QPRV00023659_00135	QPRV00023659	0	510536	130	146950	1		832004104	098	0			0				0		201
QPRV00023659_00136	QPRV00023659	0	510536	130	64334	1		832004104	100	0			0				0		027
QPRV00023659_00137	QPRV00023659	0	510536	130	624981	1		832004104	098	0			0				0		151
QPRV00023659_00138	QPRV00023659	0	510536	130	78083	1		832004104	096	0			0				0		100
QPRV00023659_00139	QPRV00023659	0	510536	130	333218	1		832004104	100	0			0				0		028
QPRV00023659_00140	QPRV00023659	0	510536	130	265401	1		832004104	093	0			0				0		013
QPRV00023659_00141	QPRV00023659	0	520536	130	352700	1		832004104	702	0			0				0		
QPRV00023659_00142	QPRV00023659	0	520536	130	394720	1		832004104	512	0			0				0		
QPRV00023659_00143	QPRV00023659	0	510536	130	261847	1		832004104	098	0			0				0		109
QPRV00023659_00144	QPRV00023659	0	510536	130	113000	1		832004104	100	0			0				0		029
QPRV00023659_00145	QPRV00023659	0	520536	130	65733	1		832004104	103	0			0				0		
QPRV00023659_00146	QPRV00023659	0	510536	130	435038	1		832004104	099	0			0				0		100
QPRV00023659_00147	QPRV00023659	0	510536	130	286663	1		832004104	098	0			0				0		501
QPRV00023659_00148	QPRV00023659	0	510536	130	165225	1		832004104	098	0			0				0		102
QPRV00023659_00149	QPRV00023659	0	510536	130	582843	1		832004104	093	0			0				0		014
QPRV00023659_00150	QPRV00023659	0	520536	130	703595	1		832004104	701	0			0				0		
QPRV00023659_00151	QPRV00023659	0	520536	130	251744	1		832004104	201	0			0				0		
QPRV00023659_00152	QPRV00023659	0	520536	130	395912	1		832004104	410	0			0				0		
QPRV00023659_00116	QPRV00023659	0	510536	130	204550	1		832004104	093	0			0				0		012
