QPRV00034871_00001	QPRV00034871	0	520533	190	18784	1		830109487	841	0			0				0		
QPRV00034871_00053	QPRV00034871	0	510533	190	33806	1		830109487	093	0			0				0		011
QPRV00034871_00003	QPRV00034871	0	510533	190	93218	1		830109487	100	0			0				0		028
QPRV00034871_00004	QPRV00034871	0	510533	190	1742	1		830109487	098	0			0				0		999
QPRV00034871_00005	QPRV00034871	0	510533	190	6623	1		830109487	099	0			0				0		510
QPRV00034871_00006	QPRV00034871	0	520533	190	10567	1		830109487	802	0			0				0		
QPRV00034871_00007	QPRV00034871	0	510533	190	6415	1		830109487	099	0			0				0		501
QPRV00034871_00008	QPRV00034871	0	520533	190	21847	1		830109487	542	0			0				0		
QPRV00034871_00009	QPRV00034871	0	520533	190	33290	1		830109487	711	0			0				0		
QPRV00034871_00010	QPRV00034871	0	520533	190	7841	1		830109487	403	0			0				0		
QPRV00034871_00011	QPRV00034871	0	520533	190	23720	1		830109487	543	0			0				0		
QPRV00034871_00012	QPRV00034871	0	520533	190	15347	1		830109487	501	0			0				0		
QPRV00034871_00013	QPRV00034871	0	510533	190	39491	1		830109487	093	0			0				0		014
QPRV00034871_00014	QPRV00034871	0	510533	190	84	1		830109487	098	0			0				0		900
QPRV00034871_00015	QPRV00034871	0	520533	190	32577	1		830109487	510	0			0				0		
QPRV00034871_00016	QPRV00034871	0	520533	190	37499	1		830109487	801	0			0				0		
QPRV00034871_00017	QPRV00034871	0	510533	190	12935	1		830109487	099	0			0				0		201
QPRV00034871_00018	QPRV00034871	0	520533	190	45635	1		830109487	851	0			0				0		
QPRV00034871_00019	QPRV00034871	0	510533	190	7771	1		830109487	093	0			0				0		013
QPRV00034871_00020	QPRV00034871	0	510533	190	671	1		830109487	096	0			0				0		550
QPRV00034871_00021	QPRV00034871	0	510533	190	19484	1		830109487	099	0			0				0		151
QPRV00034871_00022	QPRV00034871	0	520533	190	62495	1		830109487	102	0			0				0		
QPRV00034871_00023	QPRV00034871	0	510533	190	73605	1		830109487	099	0			0				0		102
QPRV00034871_00024	QPRV00034871	0	510533	190	176881	1		830109487	098	0			0				0		100
QPRV00034871_00025	QPRV00034871	0	510533	190	21534	1		830109487	093	0			0				0		009
QPRV00034871_00026	QPRV00034871	0	520533	190	9267	1		830109487	701	0			0				0		
QPRV00034871_00027	QPRV00034871	0	520533	190	529	1		830109487	109	0			0				0		
QPRV00034871_00028	QPRV00034871	0	520533	190	41658	1		830109487	850	0			0				0		
QPRV00034871_00029	QPRV00034871	0	520533	190	21851	1		830109487	410	0			0				0		
QPRV00034871_00030	QPRV00034871	0	520533	190	28477	1		830109487	545	0			0				0		
QPRV00034871_00031	QPRV00034871	0	520533	190	32	1		830109487	550	0			0				0		
QPRV00034871_00032	QPRV00034871	0	520533	190	22352	1		830109487	710	0			0				0		
QPRV00034871_00033	QPRV00034871	0	510533	190	7180	1		830109487	093	0			0				0		010
QPRV00034871_00034	QPRV00034871	0	520533	190	29696	1		830109487	610	0			0				0		
QPRV00034871_00035	QPRV00034871	0	520533	190	13209	1		830109487	540	0			0				0		
QPRV00034871_00036	QPRV00034871	0	520533	190	28377	1		830109487	830	0			0				0		
QPRV00034871_00037	QPRV00034871	0	510533	190	17788	1		830109487	099	0			0				0		103
QPRV00034871_00038	QPRV00034871	0	520533	190	28228	1		830109487	601	0			0				0		
QPRV00034871_00039	QPRV00034871	0	510533	190	9503	1		830109487	100	0			0				0		026
QPRV00034871_00040	QPRV00034871	0	520533	190	36802	1		830109487	201	0			0				0		
QPRV00034871_00041	QPRV00034871	0	510533	190	30566	1		830109487	093	0			0				0		018
QPRV00034871_00042	QPRV00034871	0	520533	190	41696	1		830109487	151	0			0				0		
QPRV00034871_00043	QPRV00034871	0	520533	190	32118	1		830109487	402	0			0				0		
QPRV00034871_00044	QPRV00034871	0	520533	190	31333	1		830109487	104	0			0				0		
QPRV00034871_00045	QPRV00034871	0	510533	190	6361	1		830109487	093	0			0				0		016
QPRV00034871_00046	QPRV00034871	0	520533	190	6509	1		830109487	530	0			0				0		
QPRV00034871_00047	QPRV00034871	0	510533	190	54104	1		830109487	093	0			0				0		012
QPRV00034871_00048	QPRV00034871	0	510533	190	24079	1		830109487	093	0			0				0		022
QPRV00034871_00049	QPRV00034871	0	520533	190	17337	1		830109487	541	0			0				0		
QPRV00034871_00050	QPRV00034871	0	520533	190	21546	1		830109487	620	0			0				0		
QPRV00034871_00051	QPRV00034871	0	510533	190	35407	1		830109487	093	0			0				0		017
QPRV00034871_00052	QPRV00034871	0	520533	190	27607	1		830109487	560	0			0				0		
QPRV00034871_00002	QPRV00034871	0	510533	190	7692	1		830109487	099	0			0				0		702
QPRV00034872_00054	QPRV00034872	0	51053040	175	601384	1		830109487	093	0			0				0		012
QPRV00034872_00055	QPRV00034872	0	52053040	175	847096	1		830109487	102	0			0				0		
QPRV00034872_00056	QPRV00034872	0	51053040	175	880964	1		830109487	099	0			0				0		102
QPRV00034872_00057	QPRV00034872	0	51053040	175	1041936	1		830109487	100	0			0				0		028
QPRV00034872_00058	QPRV00034872	0	52053040	175	154369	1		830109487	530	0			0				0		
QPRV00034872_00059	QPRV00034872	0	52053040	175	340554	1		830109487	545	0			0				0		
QPRV00034872_00060	QPRV00034872	0	52053040	175	241519	1		830109487	710	0			0				0		
QPRV00034872_00061	QPRV00034872	0	51053040	175	490551	1		830109487	093	0			0				0		014
QPRV00034872_00062	QPRV00034872	0	52053040	175	283866	1		830109487	841	0			0				0		
QPRV00034872_00063	QPRV00034872	0	52053040	175	345216	1		830109487	610	0			0				0		
QPRV00034872_00064	QPRV00034872	0	51053040	175	2109544	1		830109487	098	0			0				0		100
QPRV00034872_00065	QPRV00034872	0	52053040	175	332901	1		830109487	830	0			0				0		
QPRV00034872_00066	QPRV00034872	0	51053040	175	443807	1		830109487	093	0			0				0		017
QPRV00034872_00067	QPRV00034872	0	52053040	175	466384	1		830109487	801	0			0				0		
QPRV00034872_00068	QPRV00034872	0	52053040	175	58798	1		830109487	109	0			0				0		
QPRV00034872_00069	QPRV00034872	0	51053040	175	86667	1		830109487	093	0			0				0		013
QPRV00034872_00070	QPRV00034872	0	51053040	175	339306	1		830109487	093	0			0				0		018
QPRV00034872_00071	QPRV00034872	0	52053040	175	343547	1		830109487	560	0			0				0		
QPRV00034872_00072	QPRV00034872	0	51053040	175	269089	1		830109487	093	0			0				0		009
QPRV00034872_00073	QPRV00034872	0	51053040	175	72805	1		830109487	099	0			0				0		501
QPRV00034872_00074	QPRV00034872	0	52053040	175	381819	1		830109487	402	0			0				0		
QPRV00034872_00075	QPRV00034872	0	52053040	175	476497	1		830109487	850	0			0				0		
QPRV00034872_00076	QPRV00034872	0	51053040	175	80329	1		830109487	099	0			0				0		702
QPRV00034872_00077	QPRV00034872	0	52053040	175	184837	1		830109487	802	0			0				0		
QPRV00034872_00078	QPRV00034872	0	52053040	175	303282	1		830109487	410	0			0				0		
QPRV00034872_00079	QPRV00034872	0	52053040	175	331605	1		830109487	601	0			0				0		
QPRV00034872_00080	QPRV00034872	0	51053040	175	64928	1		830109487	096	0			0				0		550
QPRV00034872_00081	QPRV00034872	0	51053040	175	22881	1		830109487	098	0			0				0		900
QPRV00034872_00082	QPRV00034872	0	51053040	175	375796	1		830109487	093	0			0				0		011
QPRV00034872_00083	QPRV00034872	0	52053040	175	253449	1		830109487	620	0			0				0		
QPRV00034872_00084	QPRV00034872	0	52053040	175	264597	1		830109487	501	0			0				0		
QPRV00034872_00085	QPRV00034872	0	52053040	175	115280	1		830109487	701	0			0				0		
QPRV00034872_00086	QPRV00034872	0	51053040	175	105139	1		830109487	100	0			0				0		026
QPRV00034872_00087	QPRV00034872	0	51053040	175	72834	1		830109487	093	0			0				0		016
QPRV00034872_00088	QPRV00034872	0	51053040	175	80045	1		830109487	093	0			0				0		010
QPRV00034872_00089	QPRV00034872	0	52053040	175	413837	1		830109487	711	0			0				0		
QPRV00034872_00090	QPRV00034872	0	52053040	175	199757	1		830109487	541	0			0				0		
QPRV00034872_00091	QPRV00034872	0	52053040	175	457874	1		830109487	151	0			0				0		
QPRV00034872_00092	QPRV00034872	0	52053040	175	335532	1		830109487	510	0			0				0		
QPRV00034872_00093	QPRV00034872	0	52053040	175	274529	1		830109487	542	0			0				0		
QPRV00034872_00094	QPRV00034872	0	51053040	175	248131	1		830109487	098	0			0				0		999
QPRV00034872_00095	QPRV00034872	0	52053040	175	331066	1		830109487	543	0			0				0		
QPRV00034872_00096	QPRV00034872	0	52053040	175	199597	1		830109487	540	0			0				0		
QPRV00034872_00097	QPRV00034872	0	52053040	175	442780	1		830109487	201	0			0				0		
QPRV00034872_00098	QPRV00034872	0	52053040	175	365730	1		830109487	104	0			0				0		
QPRV00034872_00099	QPRV00034872	0	52053040	175	16233	1		830109487	550	0			0				0		
QPRV00034872_00100	QPRV00034872	0	52053040	175	506296	1		830109487	851	0			0				0		
QPRV00034872_00101	QPRV00034872	0	51053040	175	275698	1		830109487	093	0			0				0		022
QPRV00034872_00102	QPRV00034872	0	52053040	175	126434	1		830109487	403	0			0				0		
QPRV00034872_00103	QPRV00034872	0	51053040	175	199115	1		830109487	099	0			0				0		103
QPRV00034872_00104	QPRV00034872	0	51053040	175	73631	1		830109487	099	0			0				0		510
QPRV00034872_00105	QPRV00034872	0	51053040	175	150016	1		830109487	099	0			0				0		201
QPRV00034872_00106	QPRV00034872	0	51053040	175	222087	1		830109487	099	0			0				0		151
QPRV00034873_00107	QPRV00034873	0	510539	145	337384	1		830109487	099	0			0				0		102
QPRV00034873_00157	QPRV00034873	0	520539	145	83669	1		830109487	542	0			0				0		
QPRV00034873_00109	QPRV00034873	0	520539	145	24163	1		830109487	109	0			0				0		
QPRV00034873_00110	QPRV00034873	0	520539	145	54167	1		830109487	802	0			0				0		
QPRV00034873_00111	QPRV00034873	0	510539	145	130000	1		830109487	100	0			0				0		026
QPRV00034873_00112	QPRV00034873	0	510539	145	286262	1		830109487	093	0			0				0		022
QPRV00034873_00113	QPRV00034873	0	520539	145	91339	1		830109487	541	0			0				0		
QPRV00034873_00114	QPRV00034873	0	520539	145	159893	1		830109487	410	0			0				0		
QPRV00034873_00115	QPRV00034873	0	510539	145	29278	1		830109487	096	0			0				0		550
QPRV00034873_00116	QPRV00034873	0	510539	145	37041	1		830109487	093	0			0				0		010
QPRV00034873_00117	QPRV00034873	0	510539	145	172584	1		830109487	093	0			0				0		011
QPRV00034873_00118	QPRV00034873	0	510539	145	212417	1		830109487	093	0			0				0		018
QPRV00034873_00119	QPRV00034873	0	520539	145	116557	1		830109487	543	0			0				0		
QPRV00034873_00120	QPRV00034873	0	520539	145	7500	1		830109487	550	0			0				0		
QPRV00034873_00121	QPRV00034873	0	510539	145	147982	1		830109487	099	0			0				0		151
QPRV00034873_00122	QPRV00034873	0	510539	145	33333	1		830109487	093	0			0				0		016
QPRV00034873_00123	QPRV00034873	0	520539	145	123927	1		830109487	530	0			0				0		
QPRV00034873_00124	QPRV00034873	0	520539	145	233957	1		830109487	610	0			0				0		
QPRV00034873_00125	QPRV00034873	0	520539	145	166585	1		830109487	601	0			0				0		
QPRV00034873_00126	QPRV00034873	0	520539	145	125907	1		830109487	545	0			0				0		
QPRV00034873_00127	QPRV00034873	0	520539	145	211088	1		830109487	104	0			0				0		
QPRV00034873_00128	QPRV00034873	0	520539	145	124909	1		830109487	710	0			0				0		
QPRV00034873_00129	QPRV00034873	0	520539	145	150756	1		830109487	830	0			0				0		
QPRV00034873_00130	QPRV00034873	0	510539	145	33774	1		830109487	099	0			0				0		510
QPRV00034873_00131	QPRV00034873	0	510539	145	290057	1		830109487	093	0			0				0		012
QPRV00034873_00132	QPRV00034873	0	520539	145	219689	1		830109487	560	0			0				0		
QPRV00034873_00133	QPRV00034873	0	520539	145	49000	1		830109487	403	0			0				0		
QPRV00034873_00134	QPRV00034873	0	520539	145	182632	1		830109487	841	0			0				0		
QPRV00034873_00135	QPRV00034873	0	510539	145	495476	1		830109487	100	0			0				0		028
QPRV00034873_00136	QPRV00034873	0	520539	145	214974	1		830109487	151	0			0				0		
QPRV00034873_00137	QPRV00034873	0	520539	145	117639	1		830109487	501	0			0				0		
QPRV00034873_00138	QPRV00034873	0	510539	145	122210	1		830109487	093	0			0				0		009
QPRV00034873_00139	QPRV00034873	0	520539	145	53915	1		830109487	701	0			0				0		
QPRV00034873_00140	QPRV00034873	0	520539	145	207097	1		830109487	201	0			0				0		
QPRV00034873_00141	QPRV00034873	0	510539	145	249154	1		830109487	093	0			0				0		014
QPRV00034873_00142	QPRV00034873	0	520539	145	208219	1		830109487	851	0			0				0		
QPRV00034873_00143	QPRV00034873	0	520539	145	339522	1		830109487	850	0			0				0		
QPRV00034873_00144	QPRV00034873	0	520539	145	121399	1		830109487	620	0			0				0		
QPRV00034873_00145	QPRV00034873	0	520539	145	28334	1		830109487	510	0			0				0		
QPRV00034873_00146	QPRV00034873	0	520539	145	28333	1		830109487	540	0			0				0		
QPRV00034873_00147	QPRV00034873	0	510539	145	9844	1		830109487	098	0			0				0		900
QPRV00034873_00148	QPRV00034873	0	520539	145	177854	1		830109487	711	0			0				0		
QPRV00034873_00149	QPRV00034873	0	510539	145	102962	1		830109487	098	0			0				0		999
QPRV00034873_00150	QPRV00034873	0	520539	145	703227	1		830109487	102	0			0				0		
QPRV00034873_00151	QPRV00034873	0	510539	145	385860	1		830109487	098	0			0				0		100
QPRV00034873_00152	QPRV00034873	0	510539	145	220001	1		830109487	093	0			0				0		017
QPRV00034873_00153	QPRV00034873	0	510539	145	88102	1		830109487	099	0			0				0		103
QPRV00034873_00154	QPRV00034873	0	520539	145	147411	1		830109487	801	0			0				0		
QPRV00034873_00155	QPRV00034873	0	510539	145	33333	1		830109487	099	0			0				0		501
QPRV00034873_00156	QPRV00034873	0	520539	145	217865	1		830109487	402	0			0				0		
QPRV00034873_00108	QPRV00034873	0	510539	145	40250	1		830109487	093	0			0				0		013
QPRV00034874_00158	QPRV00034874	0	520536	130	438060	1		830109487	560	0			0				0		
QPRV00034874_00210	QPRV00034874	0	520536	130	199597	1		830109487	540	0			0				0		
QPRV00034874_00160	QPRV00034874	0	520536	130	16233	1		830109487	550	0			0				0		
QPRV00034874_00161	QPRV00034874	0	510536	130	22881	1		830109487	098	0			0				0		900
QPRV00034874_00162	QPRV00034874	0	520536	130	253449	1		830109487	620	0			0				0		
QPRV00034874_00163	QPRV00034874	0	520536	130	274529	1		830109487	542	0			0				0		
QPRV00034874_00164	QPRV00034874	0	510536	130	72834	1		830109487	093	0			0				0		016
QPRV00034874_00165	QPRV00034874	0	510536	130	248131	1		830109487	098	0			0				0		999
QPRV00034874_00166	QPRV00034874	0	520536	130	506296	1		830109487	851	0			0				0		
QPRV00034874_00167	QPRV00034874	0	510536	130	601384	1		830109487	093	0			0				0		012
QPRV00034874_00168	QPRV00034874	0	510536	130	269089	1		830109487	093	0			0				0		009
QPRV00034874_00169	QPRV00034874	0	520536	130	184837	1		830109487	802	0			0				0		
QPRV00034874_00170	QPRV00034874	0	520536	130	58798	1		830109487	109	0			0				0		
QPRV00034874_00171	QPRV00034874	0	510536	130	80045	1		830109487	093	0			0				0		010
QPRV00034874_00172	QPRV00034874	0	520536	130	264597	1		830109487	501	0			0				0		
QPRV00034874_00173	QPRV00034874	0	520536	130	413837	1		830109487	711	0			0				0		
QPRV00034874_00174	QPRV00034874	0	510536	130	275698	1		830109487	093	0			0				0		022
QPRV00034874_00175	QPRV00034874	0	510536	130	880964	1		830109487	099	0			0				0		102
QPRV00034874_00176	QPRV00034874	0	510536	130	105139	1		830109487	100	0			0				0		026
QPRV00034874_00177	QPRV00034874	0	520536	130	335532	1		830109487	510	0			0				0		
QPRV00034874_00178	QPRV00034874	0	520536	130	154369	1		830109487	530	0			0				0		
QPRV00034874_00179	QPRV00034874	0	510536	130	86667	1		830109487	093	0			0				0		013
QPRV00034874_00180	QPRV00034874	0	510536	130	375796	1		830109487	093	0			0				0		011
QPRV00034874_00181	QPRV00034874	0	520536	130	847096	1		830109487	102	0			0				0		
QPRV00034874_00182	QPRV00034874	0	520536	130	126434	1		830109487	403	0			0				0		
QPRV00034874_00183	QPRV00034874	0	520536	130	345216	1		830109487	610	0			0				0		
QPRV00034874_00184	QPRV00034874	0	510536	130	1041936	1		830109487	100	0			0				0		028
QPRV00034874_00185	QPRV00034874	0	510536	130	199163	1		830109487	099	0			0				0		103
QPRV00034874_00186	QPRV00034874	0	510536	130	80329	1		830109487	099	0			0				0		702
QPRV00034874_00187	QPRV00034874	0	520536	130	115280	1		830109487	701	0			0				0		
QPRV00034874_00188	QPRV00034874	0	520536	130	381819	1		830109487	402	0			0				0		
QPRV00034874_00189	QPRV00034874	0	520536	130	340554	1		830109487	545	0			0				0		
QPRV00034874_00190	QPRV00034874	0	520536	130	241519	1		830109487	710	0			0				0		
QPRV00034874_00191	QPRV00034874	0	510536	130	443807	1		830109487	093	0			0				0		017
QPRV00034874_00192	QPRV00034874	0	510536	130	73631	1		830109487	099	0			0				0		510
QPRV00034874_00193	QPRV00034874	0	520536	130	476497	1		830109487	850	0			0				0		
QPRV00034874_00194	QPRV00034874	0	520536	130	331066	1		830109487	543	0			0				0		
QPRV00034874_00195	QPRV00034874	0	520536	130	466384	1		830109487	801	0			0				0		
QPRV00034874_00196	QPRV00034874	0	510536	130	72833	1		830109487	099	0			0				0		501
QPRV00034874_00197	QPRV00034874	0	520536	130	365913	1		830109487	104	0			0				0		
QPRV00034874_00198	QPRV00034874	0	510536	130	64928	1		830109487	096	0			0				0		550
QPRV00034874_00199	QPRV00034874	0	510536	130	223041	1		830109487	099	0			0				0		151
QPRV00034874_00200	QPRV00034874	0	520536	130	332901	1		830109487	830	0			0				0		
QPRV00034874_00201	QPRV00034874	0	520536	130	442780	1		830109487	201	0			0				0		
QPRV00034874_00202	QPRV00034874	0	510536	130	490551	1		830109487	093	0			0				0		014
QPRV00034874_00203	QPRV00034874	0	520536	130	199757	1		830109487	541	0			0				0		
QPRV00034874_00204	QPRV00034874	0	520536	130	350205	1		830109487	410	0			0				0		
QPRV00034874_00205	QPRV00034874	0	510536	130	150016	1		830109487	099	0			0				0		201
QPRV00034874_00206	QPRV00034874	0	520536	130	331605	1		830109487	601	0			0				0		
QPRV00034874_00207	QPRV00034874	0	520536	130	457874	1		830109487	151	0			0				0		
QPRV00034874_00208	QPRV00034874	0	510536	130	339306	1		830109487	093	0			0				0		018
QPRV00034874_00209	QPRV00034874	0	520536	130	283866	1		830109487	841	0			0				0		
QPRV00034874_00159	QPRV00034874	0	510536	130	2109544	1		830109487	098	0			0				0		100
