QPRF00028480_00001	QPRF00028480	0	51057040	SOLID	100	1		900336004	093	0			0				0		025
QPRF00028481_00002	QPRF00028481	0	52057040	SOLID	100	1		800224808	102	0			0				0		
QPRF00028482_00003	QPRF00028482	0	51057240	I.C.B.F	469900	1		899999239	093	0			0				0		025
QPRF00028483_00004	QPRF00028483	0	51057240	SENA	313300	1		899999034	093	0			0				0		025
QPRF00028484_00009	QPRF00028484	0	51057240	C.C.F	28700	1		892399989	098	0			0				0		999
QPRF00028484_00008	QPRF00028484	0	52057240	C.C.F	261300	1		892399989	542	0			0				0		
QPRF00028484_00007	QPRF00028484	0	52057240	C.C.F	129000	1		892399989	541	0			0				0		
QPRF00028484_00006	QPRF00028484	0	52057240	C.C.F	133100	1		892399989	543	0			0				0		
QPRF00028484_00005	QPRF00028484	0	52057240	C.C.F	30200	1		892399989	540	0			0				0		
QPRF00028484_00010	QPRF00028484	0	52057240	C.C.F	155500	1		892399989	545	0			0				0		
QPRF00028485_00011	QPRF00028485	0	52057240	C.C.F	124100	1		892200015	530	0			0				0		
QPRF00028486_00012	QPRF00028486	0	52057240	C.C.F	213600	1		892115006	560	0			0				0		
QPRF00028486_00013	QPRF00028486	0	51057240	C.C.F	15500	1		892115006	098	0			0				0		900
QPRF00028487_00014	QPRF00028487	0	52057240	C.C.F	181300	1		892000146	830	0			0				0		
QPRF00028488_00015	QPRF00028488	0	51057240	C.C.F	15500	1		891800213	098	0			0				0		999
QPRF00028488_00016	QPRF00028488	0	52057240	C.C.F	174200	1		891800213	850	0			0				0		
QPRF00028488_00017	QPRF00028488	0	52057240	C.C.F	186100	1		891800213	851	0			0				0		
QPRF00028488_00018	QPRF00028488	0	52057240	C.C.F	154300	1		891800213	841	0			0				0		
QPRF00028489_00019	QPRF00028489	0	52057240	C.C.F	166100	1		891780093	550	0			0				0		
QPRF00028490_00020	QPRF00028490	0	52057240	C.C.F	28600	1		891480000	801	0			0				0		
QPRF00028490_00021	QPRF00028490	0	52057240	C.C.F	117800	1		891480000	601	0			0				0		
QPRF00028491_00022	QPRF00028491	0	52057240	C.C.F	135600	1		891080005	410	0			0				0		
QPRF00028492_00023	QPRF00028492	0	52057240	C.C.F	121000	1		890900842	403	0			0				0		
QPRF00028492_00024	QPRF00028492	0	52057240	C.C.F	358400	1		890900842	402	0			0				0		
QPRF00028493_00025	QPRF00028493	0	52057240	C.C.F	110400	1		890806490	620	0			0				0		
QPRF00028494_00026	QPRF00028494	0	52057240	C.C.F	244100	1		890700148	801	0			0				0		
QPRF00028494_00027	QPRF00028494	0	52057240	C.C.F	92300	1		890700148	802	0			0				0		
QPRF00028495_00028	QPRF00028495	0	52057240	C.C.F	184100	1		890500516	711	0			0				0		
QPRF00028495_00029	QPRF00028495	0	52057240	C.C.F	112400	1		890500516	710	0			0				0		
QPRF00028496_00030	QPRF00028496	0	51057240	C.C.F	68700	1		890480023	099	0			0				0		510
QPRF00028496_00031	QPRF00028496	0	52057240	C.C.F	164700	1		890480023	510	0			0				0		
QPRF00028496_00032	QPRF00028496	0	52057240	C.C.F	84200	1		890480023	512	0			0				0		
QPRF00028497_00033	QPRF00028497	0	52057240	C.C.F	192500	1		890303208	201	0			0				0		
QPRF00028497_00034	QPRF00028497	0	51057240	C.C.F	59800	1		890303208	099	0			0				0		201
QPRF00028498_00035	QPRF00028498	0	52057240	C.C.F	26800	1		890201578	701	0			0				0		
QPRF00028498_00036	QPRF00028498	0	51057240	C.C.F	46000	1		890201578	099	0			0				0		702
QPRF00028499_00037	QPRF00028499	0	52057240	C.C.F	287200	1		890101994	501	0			0				0		
QPRF00028499_00038	QPRF00028499	0	52057240	C.C.F	108300	1		890101994	503	0			0				0		
QPRF00028499_00039	QPRF00028499	0	51057240	C.C.F	8600	1		890101994	098	0			0				0		900
QPRF00028499_00040	QPRF00028499	0	51057240	C.C.F	152200	1		890101994	099	0			0				0		501
QPRF00028500_00041	QPRF00028500	0	52057240	C.C.F	153100	1		890000381	610	0			0				0		
QPRF00028501_00042	QPRF00028501	0	51057240	C.C.F	665400	1		860066942	100	0			0				0		028
QPRF00028501_00064	QPRF00028501	0	51057240	C.C.F	154800	1		860066942	093	0			0				0		009
QPRF00028501_00063	QPRF00028501	0	52057240	C.C.F	25800	1		860066942	701	0			0				0		
QPRF00028501_00062	QPRF00028501	0	51057240	C.C.F	127700	1		860066942	093	0			0				0		018
QPRF00028501_00061	QPRF00028501	0	52057240	C.C.F	138240	1		860066942	170	0			0				0		
QPRF00028501_00060	QPRF00028501	0	51057240	C.C.F	193300	1		860066942	093	0			0				0		012
QPRF00028501_00059	QPRF00028501	0	52057240	C.C.F	235400	1		860066942	151	0			0				0		
QPRF00028501_00058	QPRF00028501	0	51057240	C.C.F	211200	1		860066942	093	0			0				0		017
QPRF00028501_00057	QPRF00028501	0	51057240	C.C.F	183500	1		860066942	099	0			0				0		151
QPRF00028501_00056	QPRF00028501	0	51057240	C.C.F	30500	1		860066942	096	0			0				0		001
QPRF00028501_00055	QPRF00028501	0	51057240	C.C.F	67500	1		860066942	093	0			0				0		023
QPRF00028501_00054	QPRF00028501	0	51057240	C.C.F	626600	1		860066942	093	0			0				0		025
QPRF00028501_00053	QPRF00028501	0	51057240	C.C.F	247300	1		860066942	099	0			0				0		102
QPRF00028501_00052	QPRF00028501	0	51057240	C.C.F	85400	1		860066942	099	0			0				0		103
QPRF00028501_00043	QPRF00028501	0	51057240	C.C.F	250200	1		860066942	098	0			0				0		999
QPRF00028501_00044	QPRF00028501	0	51057240	C.C.F	38600	1		860066942	093	0			0				0		010
QPRF00028501_00045	QPRF00028501	0	52057240	C.C.F	65300	1		860066942	530	0			0				0		
QPRF00028501_00046	QPRF00028501	0	52057240	C.C.F	355600	1		860066942	102	0			0				0		
QPRF00028501_00047	QPRF00028501	0	52057240	C.C.F	64900	1		860066942	109	0			0				0		
QPRF00028501_00048	QPRF00028501	0	51057240	C.C.F	87200	1		860066942	093	0			0				0		022
QPRF00028501_00049	QPRF00028501	0	51057240	C.C.F	156100	1		860066942	093	0			0				0		011
QPRF00028501_00050	QPRF00028501	0	51057240	C.C.F	138200	1		860066942	093	0			0				0		014
QPRF00028501_00051	QPRF00028501	0	52057240	C.C.F	271000	1		860066942	104	0			0				0		
QPRF00028502_00065	QPRF00028502	0	51056940	EPS	80544	1		900462447	093	0			0				0		014
QPRF00028503_00067	QPRF00028503	0	51056940	EPS	161088	1		860066942	093	0			0				0		012
QPRF00028503_00066	QPRF00028503	0	51056940	EPS	80544	1		860066942	093	0			0				0		021
QPRF00028504_00068	QPRF00028504	0	51056940	EPS	900	1		830009783	099	0			0				0		102
QPRF00028505_00069	QPRF00028505	0	52056940	EPS	100	1		805000427	530	0			0				0		
QPRF00028506_00070	QPRF00028506	0	52056940	EPS	100	1		800251440	151	0			0				0		
QPRF00028506_00071	QPRF00028506	0	51056940	EPS	1331500	1		800251440	093	0			0				0		025
QPRF00028507_00074	QPRF00028507	0	52056940	EPS	40	1		800250119	170	0			0				0		
QPRF00028507_00073	QPRF00028507	0	51056940	EPS	80544	1		800250119	093	0			0				0		018
QPRF00028507_00072	QPRF00028507	0	52056940	EPS	20	1		800250119	830	0			0				0		
QPRF00028508_00075	QPRF00028508	0	51056940	EPS	80544	1		800140949	093	0			0				0		018
QPRF00028509_00076	QPRF00028509	0	52056940	EPS	900	1		800130907	542	0			0				0		
QPRF00028509_00077	QPRF00028509	0	52056940	EPS	2300	2		800130907	510	0			0				0		
QPRF00028509_00078	QPRF00028509	0	52056940	EPS	25800	1		800130907	102	0			0				0		
QPRF00028510_00079	QPRF00028510	0	52056803	ARP	40600	1		860002503	545	0			0				0		
QPRF00028510_00080	QPRF00028510	0	51056803	ARP	30600	1		860002503	093	0			0				0		017
QPRF00028510_00081	QPRF00028510	0	51056803	ARP	194340	1		860002503	098	0			0				0		999
QPRF00028510_00082	QPRF00028510	0	51056803	ARP	8000	1		860002503	096	0			0				0		001
QPRF00028510_00083	QPRF00028510	0	52056803	ARP	59200	1		860002503	170	0			0				0		
QPRF00028510_00084	QPRF00028510	0	51056803	ARP	33756	1		860002503	093	0			0				0		009
QPRF00028510_00085	QPRF00028510	0	52056803	ARP	34600	1		860002503	410	0			0				0		
QPRF00028510_00086	QPRF00028510	0	52056803	ARP	66400	1		860002503	610	0			0				0		
QPRF00028510_00087	QPRF00028510	0	51056803	ARP	102200	1		860002503	099	0			0				0		102
QPRF00028510_00088	QPRF00028510	0	52056803	ARP	30728	1		860002503	601	0			0				0		
QPRF00028510_00089	QPRF00028510	0	52056803	ARP	51200	1		860002503	503	0			0				0		
QPRF00028510_00090	QPRF00028510	0	51056803	ARP	24400	1		860002503	093	0			0				0		011
QPRF00028510_00091	QPRF00028510	0	51056803	ARP	5300	1		860002503	099	0			0				0		702
QPRF00028510_00092	QPRF00028510	0	52056803	ARP	44500	1		860002503	512	0			0				0		
QPRF00028510_00093	QPRF00028510	0	51056803	ARP	18000	1		860002503	099	0			0				0		510
QPRF00028510_00094	QPRF00028510	0	52056803	ARP	171000	1		860002503	501	0			0				0		
QPRF00028510_00095	QPRF00028510	0	52056803	ARP	107600	1		860002503	550	0			0				0		
QPRF00028510_00096	QPRF00028510	0	52056803	ARP	36700	1		860002503	841	0			0				0		
QPRF00028510_00097	QPRF00028510	0	52056803	ARP	7900	1		860002503	540	0			0				0		
QPRF00028510_00098	QPRF00028510	0	52056803	ARP	10400	1		860002503	701	0			0				0		
QPRF00028510_00099	QPRF00028510	0	52056803	ARP	61200	1		860002503	151	0			0				0		
QPRF00028510_00100	QPRF00028510	0	52056803	ARP	66300	1		860002503	801	0			0				0		
QPRF00028510_00101	QPRF00028510	0	51056803	ARP	7600	1		860002503	093	0			0				0		022
QPRF00028510_00102	QPRF00028510	0	51056803	ARP	34900	1		860002503	093	0			0				0		014
QPRF00028510_00103	QPRF00028510	0	52056803	ARP	88000	1		860002503	851	0			0				0		
QPRF00028510_00104	QPRF00028510	0	51056803	ARP	7700	1		860002503	093	0			0				0		023
QPRF00028510_00105	QPRF00028510	0	52056803	ARP	62700	1		860002503	104	0			0				0		
QPRF00028510_00106	QPRF00028510	0	51056803	ARP	29145	1		860002503	098	0			0				0		900
QPRF00028510_00107	QPRF00028510	0	52056803	ARP	48100	1		860002503	711	0			0				0		
QPRF00028510_00108	QPRF00028510	0	52056803	ARP	33700	1		860002503	541	0			0				0		
QPRF00028510_00109	QPRF00028510	0	51056803	ARP	30200	1		860002503	093	0			0				0		012
QPRF00028510_00110	QPRF00028510	0	52056803	ARP	127100	1		860002503	560	0			0				0		
QPRF00028510_00111	QPRF00028510	0	52056803	ARP	50200	1		860002503	201	0			0				0		
QPRF00028510_00112	QPRF00028510	0	51056803	ARP	32800	1		860002503	093	0			0				0		018
QPRF00028510_00113	QPRF00028510	0	52056803	ARP	27400	1		860002503	620	0			0				0		
QPRF00028510_00114	QPRF00028510	0	52056803	ARP	82054	1		860002503	830	0			0				0		
QPRF00028510_00115	QPRF00028510	0	51056803	ARP	15600	1		860002503	099	0			0				0		201
QPRF00028510_00116	QPRF00028510	0	52056803	ARP	79800	1		860002503	710	0			0				0		
QPRF00028510_00117	QPRF00028510	0	51056803	ARP	39600	1		860002503	099	0			0				0		501
QPRF00028510_00118	QPRF00028510	0	52056803	ARP	34728	1		860002503	543	0			0				0		
QPRF00028510_00119	QPRF00028510	0	52056803	ARP	43300	1		860002503	530	0			0				0		
QPRF00028510_00120	QPRF00028510	0	52056803	ARP	68000	1		860002503	802	0			0				0		
QPRF00028510_00121	QPRF00028510	0	51056803	ARP	81800	1		860002503	093	0			0				0		025
QPRF00028510_00122	QPRF00028510	0	51056803	ARP	118800	1		860002503	100	0			0				0		028
QPRF00028510_00123	QPRF00028510	0	52056803	ARP	17000	1		860002503	109	0			0				0		
QPRF00028510_00124	QPRF00028510	0	51056803	ARP	4700	1		860002503	093	0			0				0		010
QPRF00028510_00125	QPRF00028510	0	51056803	ARP	17700	1		860002503	099	0			0				0		103
QPRF00028510_00126	QPRF00028510	0	52056803	ARP	75800	1		860002503	403	0			0				0		
QPRF00028510_00127	QPRF00028510	0	52056803	ARP	132528	1		860002503	102	0			0				0		
QPRF00028510_00128	QPRF00028510	0	52056803	ARP	184400	1		860002503	402	0			0				0		
QPRF00028510_00129	QPRF00028510	0	52056803	ARP	45528	1		860002503	850	0			0				0		
QPRF00028510_00130	QPRF00028510	0	52056803	ARP	14234	1		860002503	510	0			0				0		
QPRF00028510_00131	QPRF00028510	0	51056803	ARP	112600	1		860002503	099	0			0				0		151
QPRF00028510_00132	QPRF00028510	0	52056803	ARP	93200	1		860002503	542	0			0				0		
QPRF00028511_00133	QPRF00028511	0	51057040	AFP	91400	1		900336004	096	0			0				0		001
QPRF00028511_00151	QPRF00028511	0	51057040	AFP	1879800	1		900336004	093	0			0				0		025
QPRF00028511_00135	QPRF00028511	0	52057040	AFP	138000	1		900336004	403	0			0				0		
QPRF00028511_00136	QPRF00028511	0	52057040	AFP	149000	1		900336004	503	0			0				0		
QPRF00028511_00137	QPRF00028511	0	51057040	AFP	96200	1		900336004	099	0			0				0		510
QPRF00028511_00138	QPRF00028511	0	51057040	AFP	116000	1		900336004	093	0			0				0		010
QPRF00028511_00139	QPRF00028511	0	52057040	AFP	95800	1		900336004	102	0			0				0		
QPRF00028511_00140	QPRF00028511	0	51057040	AFP	166800	1		900336004	093	0			0				0		018
QPRF00028511_00141	QPRF00028511	0	51057040	AFP	89000	1		900336004	098	0			0				0		999
QPRF00028511_00142	QPRF00028511	0	52057040	AFP	56200	1		900336004	402	0			0				0		
QPRF00028511_00143	QPRF00028511	0	52057040	AFP	94400	1		900336004	170	0			0				0		
QPRF00028511_00144	QPRF00028511	0	52057040	AFP	285800	1		900336004	501	0			0				0		
QPRF00028511_00145	QPRF00028511	0	52057040	AFP	207000	1		900336004	542	0			0				0		
QPRF00028511_00146	QPRF00028511	0	51057040	AFP	101800	1		900336004	093	0			0				0		014
QPRF00028511_00147	QPRF00028511	0	51057040	AFP	77300	1		900336004	093	0			0				0		009
QPRF00028511_00148	QPRF00028511	0	52057040	AFP	81600	1		900336004	512	0			0				0		
QPRF00028511_00149	QPRF00028511	0	52057040	AFP	81200	1		900336004	851	0			0				0		
QPRF00028511_00150	QPRF00028511	0	52057040	AFP	91600	1		900336004	801	0			0				0		
QPRF00028511_00134	QPRF00028511	0	52057040	AFP	228600	1		900336004	610	0			0				0		
QPRF00028512_00152	QPRF00028512	0	51057040	AFP	77300	1		800253055	093	0			0				0		009
QPRF00028513_00153	QPRF00028513	0	52057040	AFP	407300	1		800229739	510	0			0				0		
QPRF00028513_00189	QPRF00028513	0	51057040	AFP	552000	1		800229739	093	0			0				0		017
QPRF00028513_00155	QPRF00028513	0	52057040	AFP	227400	1		800229739	151	0			0				0		
QPRF00028513_00156	QPRF00028513	0	52057040	AFP	525800	1		800229739	104	0			0				0		
QPRF00028513_00157	QPRF00028513	0	52057040	AFP	215400	1		800229739	541	0			0				0		
QPRF00028513_00158	QPRF00028513	0	51057040	AFP	179600	1		800229739	099	0			0				0		201
QPRF00028513_00159	QPRF00028513	0	52057040	AFP	131000	1		800229739	543	0			0				0		
QPRF00028513_00160	QPRF00028513	0	52057040	AFP	321400	1		800229739	410	0			0				0		
QPRF00028513_00161	QPRF00028513	0	52057040	AFP	366600	1		800229739	201	0			0				0		
QPRF00028513_00162	QPRF00028513	0	52057040	AFP	355200	1		800229739	841	0			0				0		
QPRF00028513_00163	QPRF00028513	0	51057040	AFP	1233800	1		800229739	100	0			0				0		028
QPRF00028513_00164	QPRF00028513	0	51057040	AFP	90600	1		800229739	093	0			0				0		022
QPRF00028513_00165	QPRF00028513	0	52057040	AFP	277200	1		800229739	802	0			0				0		
QPRF00028513_00166	QPRF00028513	0	51057040	AFP	198200	1		800229739	099	0			0				0		501
QPRF00028513_00167	QPRF00028513	0	51057040	AFP	343400	1		800229739	093	0			0				0		011
QPRF00028513_00168	QPRF00028513	0	52057040	AFP	144800	1		800229739	170	0			0				0		
QPRF00028513_00169	QPRF00028513	0	52057040	AFP	98600	1		800229739	503	0			0				0		
QPRF00028513_00170	QPRF00028513	0	52057040	AFP	80200	1		800229739	701	0			0				0		
QPRF00028513_00171	QPRF00028513	0	52057040	AFP	230420	1		800229739	610	0			0				0		
QPRF00028513_00172	QPRF00028513	0	52057040	AFP	316900	1		800229739	102	0			0				0		
QPRF00028513_00173	QPRF00028513	0	52057040	AFP	467600	1		800229739	711	0			0				0		
QPRF00028513_00174	QPRF00028513	0	52057040	AFP	82800	1		800229739	620	0			0				0		
QPRF00028513_00175	QPRF00028513	0	51057040	AFP	309200	1		800229739	093	0			0				0		009
QPRF00028513_00176	QPRF00028513	0	51057040	AFP	426400	1		800229739	098	0			0				0		999
QPRF00028513_00177	QPRF00028513	0	51057040	AFP	25800	1		800229739	098	0			0				0		900
QPRF00028513_00178	QPRF00028513	0	52057040	AFP	650800	1		800229739	402	0			0				0		
QPRF00028513_00179	QPRF00028513	0	52057040	AFP	266800	1		800229739	830	0			0				0		
QPRF00028513_00180	QPRF00028513	0	51057040	AFP	150000	1		800229739	093	0			0				0		014
QPRF00028513_00181	QPRF00028513	0	51057040	AFP	196200	1		800229739	099	0			0				0		151
QPRF00028513_00182	QPRF00028513	0	51057040	AFP	497800	1		800229739	093	0			0				0		012
QPRF00028513_00183	QPRF00028513	0	52057040	AFP	102400	1		800229739	710	0			0				0		
QPRF00028513_00184	QPRF00028513	0	51057040	AFP	149000	1		800229739	099	0			0				0		103
QPRF00028513_00185	QPRF00028513	0	52057040	AFP	223600	1		800229739	801	0			0				0		
QPRF00028513_00186	QPRF00028513	0	51057040	AFP	271000	1		800229739	099	0			0				0		102
QPRF00028513_00187	QPRF00028513	0	52057040	AFP	274600	1		800229739	545	0			0				0		
QPRF00028513_00188	QPRF00028513	0	52057040	AFP	162600	1		800229739	550	0			0				0		
QPRF00028513_00154	QPRF00028513	0	52057040	AFP	83200	1		800229739	542	0			0				0		
QPRF00028514_00190	QPRF00028514	0	52057040	AFP	86200	1		800227940	530	0			0				0		
QPRF00028514_00207	QPRF00028514	0	51057040	AFP	246800	1		800227940	100	0			0				0		028
QPRF00028514_00192	QPRF00028514	0	52057040	AFP	271600	1		800227940	850	0			0				0		
QPRF00028514_00193	QPRF00028514	0	51057040	AFP	124400	1		800227940	093	0			0				0		011
QPRF00028514_00194	QPRF00028514	0	52057040	AFP	108000	1		800227940	841	0			0				0		
QPRF00028514_00195	QPRF00028514	0	51057040	AFP	129037	1		800227940	099	0			0				0		102
QPRF00028514_00196	QPRF00028514	0	52057040	AFP	185200	1		800227940	541	0			0				0		
QPRF00028514_00197	QPRF00028514	0	52057040	AFP	108800	1		800227940	830	0			0				0		
QPRF00028514_00198	QPRF00028514	0	51057040	AFP	252900	1		800227940	093	0			0				0		018
QPRF00028514_00199	QPRF00028514	0	52057040	AFP	84200	1		800227940	402	0			0				0		
QPRF00028514_00200	QPRF00028514	0	52057040	AFP	81600	1		800227940	620	0			0				0		
QPRF00028514_00201	QPRF00028514	0	52057040	AFP	191200	1		800227940	543	0			0				0		
QPRF00028514_00202	QPRF00028514	0	52057040	AFP	85600	1		800227940	410	0			0				0		
QPRF00028514_00203	QPRF00028514	0	52057040	AFP	101000	1		800227940	542	0			0				0		
QPRF00028514_00204	QPRF00028514	0	52057040	AFP	205600	1		800227940	104	0			0				0		
QPRF00028514_00205	QPRF00028514	0	52057040	AFP	125400	1		800227940	710	0			0				0		
QPRF00028514_00206	QPRF00028514	0	51057040	AFP	85600	1		800227940	098	0			0				0		999
QPRF00028514_00191	QPRF00028514	0	52057040	AFP	85600	1		800227940	801	0			0				0		
QPRF00028515_00208	QPRF00028515	0	51057040	AFP	81600	1		800224808	093	0			0				0		017
QPRF00028515_00249	QPRF00028515	0	52057040	AFP	224800	1		800224808	403	0			0				0		
QPRF00028515_00210	QPRF00028515	0	52057040	AFP	84600	1		800224808	711	0			0				0		
QPRF00028515_00211	QPRF00028515	0	52057040	AFP	493100	1		800224808	530	0			0				0		
QPRF00028515_00212	QPRF00028515	0	51057040	AFP	359400	1		800224808	099	0			0				0		151
QPRF00028515_00213	QPRF00028515	0	52057040	AFP	353300	1		800224808	601	0			0				0		
QPRF00028515_00214	QPRF00028515	0	52057040	AFP	168000	1		800224808	830	0			0				0		
QPRF00028515_00215	QPRF00028515	0	52057040	AFP	583400	1		800224808	501	0			0				0		
QPRF00028515_00216	QPRF00028515	0	51057040	AFP	659800	1		800224808	100	0			0				0		028
QPRF00028515_00217	QPRF00028515	0	52057040	AFP	194600	1		800224808	109	0			0				0		
QPRF00028515_00218	QPRF00028515	0	51057040	AFP	200800	1		800224808	093	0			0				0		014
QPRF00028515_00219	QPRF00028515	0	51057040	AFP	202600	1		800224808	093	0			0				0		023
QPRF00028515_00220	QPRF00028515	0	52057040	AFP	171000	1		800224808	512	0			0				0		
QPRF00028515_00221	QPRF00028515	0	51057040	AFP	109800	1		800224808	099	0			0				0		510
QPRF00028515_00222	QPRF00028515	0	51057040	AFP	297000	1		800224808	099	0			0				0		102
QPRF00028515_00223	QPRF00028515	0	52057040	AFP	482600	1		800224808	851	0			0				0		
QPRF00028515_00224	QPRF00028515	0	52057040	AFP	482500	1		800224808	151	0			0				0		
QPRF00028515_00225	QPRF00028515	0	51057040	AFP	258200	1		800224808	099	0			0				0		501
QPRF00028515_00226	QPRF00028515	0	52057040	AFP	317200	1		800224808	402	0			0				0		
QPRF00028515_00227	QPRF00028515	0	52057040	AFP	416900	1		800224808	801	0			0				0		
QPRF00028515_00228	QPRF00028515	0	52057040	AFP	178000	1		800224808	170	0			0				0		
QPRF00028515_00229	QPRF00028515	0	52057040	AFP	335400	1		800224808	550	0			0				0		
QPRF00028515_00230	QPRF00028515	0	52057040	AFP	77300	1		800224808	543	0			0				0		
QPRF00028515_00231	QPRF00028515	0	51057040	AFP	171200	1		800224808	093	0			0				0		022
QPRF00028515_00232	QPRF00028515	0	51057040	AFP	46400	1		800224808	098	0			0				0		900
QPRF00028515_00233	QPRF00028515	0	52057040	AFP	418100	1		800224808	542	0			0				0		
QPRF00028515_00234	QPRF00028515	0	52057040	AFP	210600	1		800224808	201	0			0				0		
QPRF00028515_00235	QPRF00028515	0	52057040	AFP	109400	1		800224808	710	0			0				0		
QPRF00028515_00236	QPRF00028515	0	52057040	AFP	77400	1		800224808	510	0			0				0		
QPRF00028515_00237	QPRF00028515	0	52057040	AFP	640800	1		800224808	560	0			0				0		
QPRF00028515_00238	QPRF00028515	0	52057040	AFP	254300	1		800224808	850	0			0				0		
QPRF00028515_00239	QPRF00028515	0	51057040	AFP	90400	1		800224808	093	0			0				0		012
QPRF00028515_00240	QPRF00028515	0	52057040	AFP	77300	1		800224808	701	0			0				0		
QPRF00028515_00241	QPRF00028515	0	52057040	AFP	93200	1		800224808	503	0			0				0		
QPRF00028515_00242	QPRF00028515	0	51057040	AFP	137800	1		800224808	099	0			0				0		702
QPRF00028515_00243	QPRF00028515	0	52057040	AFP	757200	1		800224808	102	0			0				0		
QPRF00028515_00244	QPRF00028515	0	52057040	AFP	261400	1		800224808	545	0			0				0		
QPRF00028515_00245	QPRF00028515	0	51057040	AFP	289600	1		800224808	098	0			0				0		999
QPRF00028515_00246	QPRF00028515	0	52057040	AFP	166800	1		800224808	620	0			0				0		
QPRF00028515_00247	QPRF00028515	0	52057040	AFP	90600	1		800224808	540	0			0				0		
QPRF00028515_00248	QPRF00028515	0	51057040	AFP	107400	1		800224808	099	0			0				0		103
QPRF00028515_00209	QPRF00028515	0	52057040	AFP	81200	1		800224808	104	0			0				0		
