QPRV00034896_00002	QPRV00034896	0	52054501	503	15400	1		830109487	096	0			0				0		001
QPRV00034896_00001	QPRV00034896	0	261095	503	15400	2		830109487	096	0			0				0		001
QPRV00034897_00005	QPRV00034897	0	510533	190	59240	1		830109487	098	0			0				0		999
QPRV00034897_00006	QPRV00034897	0	520533	190	52831	1		830109487	530	0			0				0		
QPRV00034897_00007	QPRV00034897	0	520533	190	18192	1		830109487	802	0			0				0		
QPRV00034897_00008	QPRV00034897	0	520533	190	59892	1		830109487	610	0			0				0		
QPRV00034897_00009	QPRV00034897	0	510533	190	64579	1		830109487	099	0			0				0		151
QPRV00034897_00010	QPRV00034897	0	510533	190	65901	1		830109487	093	0			0				0		009
QPRV00034897_00011	QPRV00034897	0	510533	190	15909	1		830109487	099	0			0				0		702
QPRV00034897_00012	QPRV00034897	0	510533	190	248029	1		830109487	093	0			0				0		025
QPRV00034897_00013	QPRV00034897	0	510533	190	18111	2		830109487	093	0			0				0		018
QPRV00034897_00014	QPRV00034897	0	520533	190	53596	1		830109487	151	0			0				0		
QPRV00034897_00015	QPRV00034897	0	520533	190	44855	1		830109487	501	0			0				0		
QPRV00034897_00016	QPRV00034897	0	520533	190	7088	1		830109487	512	0			0				0		
QPRV00034897_00017	QPRV00034897	0	520533	190	73009	1		830109487	201	0			0				0		
QPRV00034897_00018	QPRV00034897	0	520533	190	86104	1		830109487	560	0			0				0		
QPRV00034897_00019	QPRV00034897	0	520533	190	76196	1		830109487	104	0			0				0		
QPRV00034897_00020	QPRV00034897	0	520533	190	33764	1		830109487	710	0			0				0		
QPRV00034897_00021	QPRV00034897	0	510533	190	30780	1		830109487	099	0			0				0		510
QPRV00034897_00022	QPRV00034897	0	520533	190	75334	1		830109487	851	0			0				0		
QPRV00034897_00023	QPRV00034897	0	520533	190	14727	1		830109487	540	0			0				0		
QPRV00034897_00024	QPRV00034897	0	510533	190	25524	1		830109487	099	0			0				0		201
QPRV00034897_00025	QPRV00034897	0	520533	190	59313	1		830109487	545	0			0				0		
QPRV00034897_00026	QPRV00034897	0	520533	190	115561	1		830109487	102	0			0				0		
QPRV00034897_00027	QPRV00034897	0	510533	190	33424	1		830109487	099	0			0				0		103
QPRV00034897_00028	QPRV00034897	0	510533	190	80864	1		830109487	093	0			0				0		017
QPRV00034897_00057	QPRV00034897	0	520533	190	45321	1		830109487	620	0			0				0		
QPRV00034897_00030	QPRV00034897	0	510533	190	64749	1		830109487	093	0			0				0		014
QPRV00034897_00031	QPRV00034897	0	520533	190	107677	1		830109487	801	0			0				0		
QPRV00034897_00032	QPRV00034897	0	520533	190	8768	1		830109487	503	0			0				0		
QPRV00034897_00033	QPRV00034897	0	520533	190	15912	1		830109487	109	0			0				0		
QPRV00034897_00034	QPRV00034897	0	520533	190	5501	1		830109487	170	0			0				0		
QPRV00034897_00035	QPRV00034897	0	520533	190	49438	1		830109487	830	0			0				0		
QPRV00034897_00036	QPRV00034897	0	520533	190	43825	1		830109487	510	0			0				0		
QPRV00034897_00037	QPRV00034897	0	520533	190	70689	1		830109487	711	0			0				0		
QPRV00034897_00038	QPRV00034897	0	520533	190	44074	1		830109487	601	0			0				0		
QPRV00034897_00039	QPRV00034897	0	510533	190	13379	1		830109487	096	0			0				0		001
QPRV00034897_00040	QPRV00034897	0	510533	190	64058	1		830109487	093	0			0				0		011
QPRV00034897_00041	QPRV00034897	0	520533	190	36483	1		830109487	403	0			0				0		
QPRV00034897_00042	QPRV00034897	0	510533	190	16393	1		830109487	093	0			0				0		010
QPRV00034897_00043	QPRV00034897	0	520533	190	19403	1		830109487	550	0			0				0		
QPRV00034897_00044	QPRV00034897	0	520533	190	46950	1		830109487	841	0			0				0		
QPRV00034897_00045	QPRV00034897	0	520533	190	77561	1		830109487	850	0			0				0		
QPRV00034897_00046	QPRV00034897	0	510533	190	43468	1		830109487	099	0			0				0		501
QPRV00034897_00047	QPRV00034897	0	510533	190	107253	1		830109487	099	0			0				0		102
QPRV00034897_00048	QPRV00034897	0	510533	190	230292	1		830109487	100	0			0				0		028
QPRV00034897_00049	QPRV00034897	0	520533	190	74344	1		830109487	402	0			0				0		
QPRV00034897_00050	QPRV00034897	0	520533	190	27912	1		830109487	541	0			0				0		
QPRV00034897_00051	QPRV00034897	0	510533	190	81559	1		830109487	093	0			0				0		012
QPRV00034897_00052	QPRV00034897	0	510533	190	36928	1		830109487	093	0			0				0		022
QPRV00034897_00053	QPRV00034897	0	510533	190	257	1		830109487	098	0			0				0		900
QPRV00034897_00054	QPRV00034897	0	520533	190	75692	1		830109487	410	0			0				0		
QPRV00034897_00055	QPRV00034897	0	520533	190	21531	1		830109487	701	0			0				0		
QPRV00034897_00056	QPRV00034897	0	510533	190	42490	1		830109487	093	0			0				0		018
QPRV00034897_00004	QPRV00034897	0	510533	190	28884	1		830109487	093	0			0				0		023
QPRV00034897_00003	QPRV00034897	0	520533	190	37459	1		830109487	543	0			0				0		
QPRV00034897_00029	QPRV00034897	0	520533	190	62923	1		830109487	542	0			0				0		
QPRV00034898_00058	QPRV00034898	0	52053040	175	525705	1		830109487	830	0			0				0		
QPRV00034898_00059	QPRV00034898	0	52053040	175	147509	1		830109487	109	0			0				0		
QPRV00034898_00060	QPRV00034898	0	51053040	175	457982	1		830109487	093	0			0				0		017
QPRV00034898_00061	QPRV00034898	0	52053040	175	234632	1		830109487	512	0			0				0		
QPRV00034898_00062	QPRV00034898	0	52053040	175	389403	1		830109487	850	0			0				0		
QPRV00034898_00063	QPRV00034898	0	52053040	175	241116	1		830109487	620	0			0				0		
QPRV00034898_00064	QPRV00034898	0	52053040	175	69102	1		830109487	540	0			0				0		
QPRV00034898_00065	QPRV00034898	0	51053040	175	55516	1		830109487	098	0			0				0		900
QPRV00034898_00066	QPRV00034898	0	51053040	175	323219	1		830109487	099	0			0				0		501
QPRV00034898_00067	QPRV00034898	0	52053040	175	298956	1		830109487	403	0			0				0		
QPRV00034898_00068	QPRV00034898	0	52053040	175	387882	1		830109487	545	0			0				0		
QPRV00034898_00069	QPRV00034898	0	51053040	175	239250	2		830109487	093	0			0				0		018
QPRV00034898_00070	QPRV00034898	0	52053040	175	204832	1		830109487	510	0			0				0		
QPRV00034898_00071	QPRV00034898	0	52053040	175	395346	1		830109487	530	0			0				0		
QPRV00034898_00072	QPRV00034898	0	51053040	175	337333	1		830109487	093	0			0				0		011
QPRV00034898_00073	QPRV00034898	0	52053040	175	249813	1		830109487	503	0			0				0		
QPRV00034898_00074	QPRV00034898	0	52053040	175	1052256	1		830109487	102	0			0				0		
QPRV00034898_00075	QPRV00034898	0	51053040	175	922712	1		830109487	098	0			0				0		999
QPRV00034898_00076	QPRV00034898	0	52053040	175	568665	1		830109487	104	0			0				0		
QPRV00034898_00077	QPRV00034898	0	52053040	175	198569	1		830109487	802	0			0				0		
QPRV00034898_00078	QPRV00034898	0	52053040	175	407121	1		830109487	201	0			0				0		
QPRV00034898_00079	QPRV00034898	0	51053040	175	194083	1		830109487	093	0			0				0		022
QPRV00034898_00080	QPRV00034898	0	52053040	175	694379	1		830109487	801	0			0				0		
QPRV00034898_00081	QPRV00034898	0	52053040	175	627065	1		830109487	501	0			0				0		
QPRV00034898_00082	QPRV00034898	0	52053040	175	408127	1		830109487	711	0			0				0		
QPRV00034898_00083	QPRV00034898	0	51053040	175	426595	1		830109487	093	0			0				0		012
QPRV00034898_00084	QPRV00034898	0	51053040	175	340456	1		830109487	093	0			0				0		014
QPRV00034898_00085	QPRV00034898	0	52053040	175	844144	1		830109487	560	0			0				0		
QPRV00034898_00086	QPRV00034898	0	51053040	175	69631	1		830109487	096	0			0				0		001
QPRV00034898_00087	QPRV00034898	0	52053040	175	615364	1		830109487	410	0			0				0		
QPRV00034898_00088	QPRV00034898	0	52053040	175	606912	1		830109487	542	0			0				0		
QPRV00034898_00089	QPRV00034898	0	51053040	175	393534	1		830109487	093	0			0				0		018
QPRV00034898_00090	QPRV00034898	0	51053040	175	596576	1		830109487	099	0			0				0		102
QPRV00034898_00091	QPRV00034898	0	52053040	175	252593	1		830109487	710	0			0				0		
QPRV00034898_00092	QPRV00034898	0	52053040	175	301955	1		830109487	541	0			0				0		
QPRV00034898_00093	QPRV00034898	0	52053040	175	289747	1		830109487	543	0			0				0		
QPRV00034898_00094	QPRV00034898	0	52053040	175	333868	1		830109487	841	0			0				0		
QPRV00034898_00095	QPRV00034898	0	51053040	175	400537	1		830109487	099	0			0				0		151
QPRV00034898_00096	QPRV00034898	0	51053040	175	76648	1		830109487	099	0			0				0		702
QPRV00034898_00097	QPRV00034898	0	51053040	175	151356	1		830109487	093	0			0				0		023
QPRV00034898_00098	QPRV00034898	0	52053040	175	406967	1		830109487	851	0			0				0		
QPRV00034898_00099	QPRV00034898	0	51053040	175	346840	1		830109487	093	0			0				0		009
QPRV00034898_00100	QPRV00034898	0	52053040	175	398513	1		830109487	170	0			0				0		
QPRV00034898_00101	QPRV00034898	0	52053040	175	257690	1		830109487	601	0			0				0		
QPRV00034898_00102	QPRV00034898	0	51053040	175	1262124	1		830109487	100	0			0				0		028
QPRV00034898_00103	QPRV00034898	0	52053040	175	765001	1		830109487	151	0			0				0		
QPRV00034898_00104	QPRV00034898	0	51053040	175	155406	1		830109487	099	0			0				0		510
QPRV00034898_00105	QPRV00034898	0	52053040	175	1302849	1		830109487	402	0			0				0		
QPRV00034898_00106	QPRV00034898	0	51053040	175	86256	1		830109487	093	0			0				0		010
QPRV00034898_00107	QPRV00034898	0	52053040	175	504581	1		830109487	550	0			0				0		
QPRV00034898_00108	QPRV00034898	0	52053040	175	348628	1		830109487	610	0			0				0		
QPRV00034898_00109	QPRV00034898	0	51053040	175	1305417	1		830109487	093	0			0				0		025
QPRV00034898_00110	QPRV00034898	0	51053040	175	124667	1		830109487	099	0			0				0		201
QPRV00034898_00111	QPRV00034898	0	52053040	175	121751	1		830109487	701	0			0				0		
QPRV00034898_00112	QPRV00034898	0	51053040	175	190328	1		830109487	099	0			0				0		103
QPRV00034899_00113	QPRV00034899	0	510539	145	162877	1		830109487	093	0			0				0		009
QPRV00034899_00164	QPRV00034899	0	520539	145	26903	1		830109487	510	0			0				0		
QPRV00034899_00115	QPRV00034899	0	520539	145	195363	1		830109487	201	0			0				0		
QPRV00034899_00116	QPRV00034899	0	520539	145	145557	1		830109487	601	0			0				0		
QPRV00034899_00117	QPRV00034899	0	510539	145	665719	1		830109487	100	0			0				0		028
QPRV00034899_00118	QPRV00034899	0	520539	145	395430	1		830109487	102	0			0				0		
QPRV00034899_00119	QPRV00034899	0	520539	145	150989	1		830109487	830	0			0				0		
QPRV00034899_00120	QPRV00034899	0	520539	145	105766	1		830109487	503	0			0				0		
QPRV00034899_00121	QPRV00034899	0	510539	145	220000	1		830109487	093	0			0				0		017
QPRV00034899_00122	QPRV00034899	0	520539	145	129423	1		830109487	410	0			0				0		
QPRV00034899_00123	QPRV00034899	0	510539	145	136003	1		830109487	099	0			0				0		151
QPRV00034899_00124	QPRV00034899	0	520539	145	1534596	1		830109487	151	0			0				0		
QPRV00034899_00125	QPRV00034899	0	510539	145	130542	1		830109487	093	0			0				0		018
QPRV00034899_00126	QPRV00034899	0	520539	145	54692	1		830109487	701	0			0				0		
QPRV00034899_00127	QPRV00034899	0	510539	145	289816	1		830109487	098	0			0				0		999
QPRV00034899_00128	QPRV00034899	0	510539	145	159334	1		830109487	093	0			0				0		014
QPRV00034899_00129	QPRV00034899	0	520539	145	281969	1		830109487	104	0			0				0		
QPRV00034899_00130	QPRV00034899	0	510539	145	100334	1		830109487	093	0			0				0		023
QPRV00034899_00131	QPRV00034899	0	520539	145	163295	1		830109487	610	0			0				0		
QPRV00034899_00132	QPRV00034899	0	510539	145	154717	1		830109487	099	0			0				0		501
QPRV00034899_00133	QPRV00034899	0	520539	145	133097	1		830109487	620	0			0				0		
QPRV00034899_00134	QPRV00034899	0	520539	145	1579576	1		830109487	542	0			0				0		
QPRV00034899_00135	QPRV00034899	0	520539	145	135746	1		830109487	541	0			0				0		
QPRV00034899_00136	QPRV00034899	0	520539	145	101565	1		830109487	710	0			0				0		
QPRV00034899_00137	QPRV00034899	0	510539	145	23268	1		830109487	098	0			0				0		900
QPRV00034899_00138	QPRV00034899	0	520539	145	292157	1		830109487	501	0			0				0		
QPRV00034899_00139	QPRV00034899	0	510539	145	59417	1		830109487	093	0			0				0		022
QPRV00034899_00140	QPRV00034899	0	510539	145	29298	1		830109487	096	0			0				0		001
QPRV00034899_00141	QPRV00034899	0	520539	145	92598	1		830109487	802	0			0				0		
QPRV00034899_00142	QPRV00034899	0	510539	145	32078	1		830109487	099	0			0				0		201
QPRV00034899_00143	QPRV00034899	0	510539	145	77004	1		830109487	099	0			0				0		510
QPRV00034899_00144	QPRV00034899	0	520539	145	132414	1		830109487	850	0			0				0		
QPRV00034899_00145	QPRV00034899	0	520539	145	165891	1		830109487	550	0			0				0		
QPRV00034899_00146	QPRV00034899	0	520539	145	158296	1		830109487	841	0			0				0		
QPRV00034899_00147	QPRV00034899	0	510539	145	106069	1		830109487	099	0			0				0		103
QPRV00034899_00148	QPRV00034899	0	520539	145	112008	1		830109487	543	0			0				0		
QPRV00034899_00149	QPRV00034899	0	520539	145	75744	1		830109487	403	0			0				0		
QPRV00034899_00150	QPRV00034899	0	510539	145	40250	1		830109487	093	0			0				0		010
QPRV00034899_00151	QPRV00034899	0	510539	145	119737	1		830109487	099	0			0				0		702
QPRV00034899_00152	QPRV00034899	0	520539	145	339738	1		830109487	402	0			0				0		
QPRV00034899_00153	QPRV00034899	0	520539	145	188843	1		830109487	711	0			0				0		
QPRV00034899_00154	QPRV00034899	0	520539	145	243911	1		830109487	530	0			0				0		
QPRV00034899_00155	QPRV00034899	0	510539	145	162500	1		830109487	093	0			0				0		011
QPRV00034899_00156	QPRV00034899	0	520539	145	277459	1		830109487	801	0			0				0		
QPRV00034899_00157	QPRV00034899	0	510539	145	392925	1		830109487	093	0			0				0		012
QPRV00034899_00158	QPRV00034899	0	520539	145	162315	1		830109487	851	0			0				0		
QPRV00034899_00159	QPRV00034899	0	520539	145	74760	1		830109487	545	0			0				0		
QPRV00034899_00160	QPRV00034899	0	520539	145	144892	1		830109487	170	0			0				0		
QPRV00034899_00161	QPRV00034899	0	520539	145	63933	1		830109487	109	0			0				0		
QPRV00034899_00162	QPRV00034899	0	520539	145	261809	1		830109487	560	0			0				0		
QPRV00034899_00163	QPRV00034899	0	520539	145	87715	1		830109487	512	0			0				0		
QPRV00034899_00114	QPRV00034899	0	510539	145	259440	1		830109487	099	0			0				0		102
QPRV00034900_00165	QPRV00034900	0	520536	130	204833	1		830109487	510	0			0				0		
QPRV00034900_00219	QPRV00034900	0	520536	130	844533	1		830109487	102	0			0				0		
QPRV00034900_00167	QPRV00034900	0	520536	130	241116	1		830109487	620	0			0				0		
QPRV00034900_00168	QPRV00034900	0	520536	130	568663	1		830109487	104	0			0				0		
QPRV00034900_00169	QPRV00034900	0	520536	130	121751	1		830109487	701	0			0				0		
QPRV00034900_00170	QPRV00034900	0	520536	130	257691	1		830109487	601	0			0				0		
QPRV00034900_00171	QPRV00034900	0	510536	130	177885	1		830109487	098	0			0				0		900
QPRV00034900_00172	QPRV00034900	0	510536	130	950785	1		830109487	098	0			0				0		999
QPRV00034900_00173	QPRV00034900	0	520536	130	249813	1		830109487	503	0			0				0		
QPRV00034900_00174	QPRV00034900	0	520536	130	834444	1		830109487	501	0			0				0		
QPRV00034900_00175	QPRV00034900	0	520536	130	389402	1		830109487	850	0			0				0		
QPRV00034900_00176	QPRV00034900	0	520536	130	387880	1		830109487	545	0			0				0		
QPRV00034900_00177	QPRV00034900	0	510536	130	76649	1		830109487	099	0			0				0		702
QPRV00034900_00178	QPRV00034900	0	520536	130	3173875	1		830109487	151	0			0				0		
QPRV00034900_00179	QPRV00034900	0	510536	130	323192	1		830109487	099	0			0				0		501
QPRV00034900_00180	QPRV00034900	0	510536	130	346840	1		830109487	093	0			0				0		009
QPRV00034900_00181	QPRV00034900	0	510536	130	151355	1		830109487	093	0			0				0		023
QPRV00034900_00182	QPRV00034900	0	520536	130	69102	1		830109487	540	0			0				0		
QPRV00034900_00183	QPRV00034900	0	520536	130	526790	1		830109487	830	0			0				0		
QPRV00034900_00184	QPRV00034900	0	510536	130	190328	1		830109487	099	0			0				0		103
QPRV00034900_00185	QPRV00034900	0	510536	130	340456	1		830109487	093	0			0				0		014
QPRV00034900_00186	QPRV00034900	0	520536	130	365270	1		830109487	170	0			0				0		
QPRV00034900_00187	QPRV00034900	0	510536	130	260573	1		830109487	093	0			0				0		018
QPRV00034900_00188	QPRV00034900	0	510536	130	194083	1		830109487	093	0			0				0		022
QPRV00034900_00189	QPRV00034900	0	520536	130	432576	1		830109487	550	0			0				0		
QPRV00034900_00190	QPRV00034900	0	520536	130	333868	1		830109487	841	0			0				0		
QPRV00034900_00191	QPRV00034900	0	510536	130	1287459	1		830109487	100	0			0				0		028
QPRV00034900_00192	QPRV00034900	0	520536	130	279956	1		830109487	403	0			0				0		
QPRV00034900_00193	QPRV00034900	0	520536	130	289747	1		830109487	543	0			0				0		
QPRV00034900_00194	QPRV00034900	0	520536	130	147509	1		830109487	109	0			0				0		
QPRV00034900_00195	QPRV00034900	0	520536	130	407097	1		830109487	201	0			0				0		
QPRV00034900_00196	QPRV00034900	0	520536	130	3350533	1		830109487	542	0			0				0		
QPRV00034900_00197	QPRV00034900	0	510536	130	69631	1		830109487	096	0			0				0		001
QPRV00034900_00198	QPRV00034900	0	510536	130	537092	1		830109487	099	0			0				0		102
QPRV00034900_00199	QPRV00034900	0	520536	130	252593	1		830109487	710	0			0				0		
QPRV00034900_00200	QPRV00034900	0	520536	130	294309	1		830109487	410	0			0				0		
QPRV00034900_00201	QPRV00034900	0	520536	130	408128	1		830109487	711	0			0				0		
QPRV00034900_00202	QPRV00034900	0	520536	130	395346	1		830109487	530	0			0				0		
QPRV00034900_00203	QPRV00034900	0	520536	130	471963	1		830109487	610	0			0				0		
QPRV00034900_00204	QPRV00034900	0	510536	130	124667	1		830109487	099	0			0				0		201
QPRV00034900_00205	QPRV00034900	0	510536	130	400158	1		830109487	099	0			0				0		151
QPRV00034900_00206	QPRV00034900	0	520536	130	600391	1		830109487	801	0			0				0		
QPRV00034900_00207	QPRV00034900	0	520536	130	414159	1		830109487	851	0			0				0		
QPRV00034900_00208	QPRV00034900	0	510536	130	86256	1		830109487	093	0			0				0		010
QPRV00034900_00209	QPRV00034900	0	510536	130	155405	1		830109487	099	0			0				0		510
QPRV00034900_00210	QPRV00034900	0	520536	130	380570	1		830109487	512	0			0				0		
QPRV00034900_00211	QPRV00034900	0	520536	130	198569	1		830109487	802	0			0				0		
QPRV00034900_00212	QPRV00034900	0	520536	130	1006786	1		830109487	402	0			0				0		
QPRV00034900_00213	QPRV00034900	0	520536	130	301956	1		830109487	541	0			0				0		
QPRV00034900_00214	QPRV00034900	0	510536	130	337333	1		830109487	093	0			0				0		011
QPRV00034900_00215	QPRV00034900	0	510536	130	446166	1		830109487	093	0			0				0		017
QPRV00034900_00216	QPRV00034900	0	510536	130	426595	1		830109487	093	0			0				0		012
QPRV00034900_00217	QPRV00034900	0	520536	130	469738	1		830109487	560	0			0				0		
QPRV00034900_00218	QPRV00034900	0	510536	130	1305417	1		830109487	093	0			0				0		025
QPRV00034900_00166	QPRV00034900	0	510536	130	56750	2		830109487	093	0			0				0		018
