QPRV00023680_00002	QPRV00023680	0	261095	503	2000	2		832004104	093	0			0				0		017
QPRV00023680_00001	QPRV00023680	0	52054501	503	2000	1		832004104	093	0			0				0		017
QPRV00023681_00005	QPRV00023681	0	520533	190	13010	1		832004104	503	0			0				0		
QPRV00023681_00006	QPRV00023681	0	520533	190	100663	1		832004104	511	0			0				0		
QPRV00023681_00007	QPRV00023681	0	520533	190	97042	1		832004104	410	0			0				0		
QPRV00023681_00008	QPRV00023681	0	520533	190	98014	1		832004104	210	0			0				0		
QPRV00023681_00009	QPRV00023681	0	520533	190	187127	1		832004104	501	0			0				0		
QPRV00023681_00010	QPRV00023681	0	510533	190	73238	1		832004104	098	0			0				0		701
QPRV00023681_00011	QPRV00023681	0	520533	190	135264	1		832004104	701	0			0				0		
QPRV00023681_00012	QPRV00023681	0	510533	190	47676	1		832004104	098	0			0				0		501
QPRV00023681_00013	QPRV00023681	0	510533	190	34264	1		832004104	098	0			0				0		201
QPRV00023681_00014	QPRV00023681	0	510533	190	66330	1		832004104	093	0			0				0		012
QPRV00023681_00015	QPRV00023681	0	510533	190	25582	1		832004104	098	0			0				0		620
QPRV00023681_00016	QPRV00023681	0	520533	190	50141	1		832004104	201	0			0				0		
QPRV00023681_00017	QPRV00023681	0	510533	190	51070	1		832004104	093	0			0				0		018
QPRV00023681_00018	QPRV00023681	0	520533	190	35658	1		832004104	151	0			0				0		
QPRV00023681_00019	QPRV00023681	0	510533	190	37711	1		832004104	098	0			0				0		109
QPRV00023681_00020	QPRV00023681	0	510533	190	12993	1		832004104	096	0			0				0		103
QPRV00023681_00021	QPRV00023681	0	510533	190	49791	1		832004104	098	0			0				0		410
QPRV00023681_00043	QPRV00023681	0	510533	190	74294	1		832004104	093	0			0				0		010
QPRV00023681_00023	QPRV00023681	0	510533	190	86859	1		832004104	093	0			0				0		011
QPRV00023681_00024	QPRV00023681	0	520533	190	224147	1		832004104	510	0			0				0		
QPRV00023681_00025	QPRV00023681	0	520533	190	73587	1		832004104	702	0			0				0		
QPRV00023681_00026	QPRV00023681	0	510533	190	13850	1		832004104	093	0			0				0		025
QPRV00023681_00027	QPRV00023681	0	520533	190	21044	1		832004104	721	0			0				0		
QPRV00023681_00028	QPRV00023681	0	520533	190	76760	1		832004104	512	0			0				0		
QPRV00023681_00029	QPRV00023681	0	510533	190	48941	1		832004104	099	0			0				0		999
QPRV00023681_00030	QPRV00023681	0	510533	190	35137	1		832004104	100	0			0				0		027
QPRV00023681_00031	QPRV00023681	0	510533	190	85852	1		832004104	093	0			0				0		014
QPRV00023681_00032	QPRV00023681	0	520533	190	12340	1		832004104	630	0			0				0		
QPRV00023681_00033	QPRV00023681	0	510533	190	11515	1		832004104	096	0			0				0		102
QPRV00023681_00034	QPRV00023681	0	510533	190	31366	1		832004104	098	0			0				0		102
QPRV00023681_00035	QPRV00023681	0	510533	190	6067	1		832004104	099	0			0				0		100
QPRV00023681_00036	QPRV00023681	0	510533	190	39363	1		832004104	093	0			0				0		029
QPRV00023681_00037	QPRV00023681	0	510533	190	156436	1		832004104	098	0			0				0		151
QPRV00023681_00038	QPRV00023681	0	510533	190	9810	1		832004104	096	0			0				0		001
QPRV00023681_00039	QPRV00023681	0	510533	190	239066	1		832004104	100	0			0				0		028
QPRV00023681_00040	QPRV00023681	0	510533	190	66014	1		832004104	093	0			0				0		017
QPRV00023681_00041	QPRV00023681	0	510533	190	11374	1		832004104	093	0			0				0		009
QPRV00023681_00042	QPRV00023681	0	510533	190	24570	1		832004104	098	0			0				0		510
QPRV00023681_00004	QPRV00023681	0	510533	190	90	1		832004104	099	0			0				0		900
QPRV00023681_00003	QPRV00023681	0	510533	190	78116	1		832004104	098	0			0				0		104
QPRV00023681_00022	QPRV00023681	0	510533	190	7895	1		832004104	100	0			0				0		029
QPRV00023682_00044	QPRV00023682	0	52053040	175	508699	1		832004104	210	0			0				0		
QPRV00023682_00045	QPRV00023682	0	51053040	175	58928	1		832004104	096	0			0				0		102
QPRV00023682_00046	QPRV00023682	0	51053040	175	439129	1		832004104	093	0			0				0		010
QPRV00023682_00047	QPRV00023682	0	51053040	175	324444	1		832004104	100	0			0				0		029
QPRV00023682_00048	QPRV00023682	0	52053040	175	1254422	1		832004104	503	0			0				0		
QPRV00023682_00049	QPRV00023682	0	52053040	175	597013	1		832004104	512	0			0				0		
QPRV00023682_00050	QPRV00023682	0	51053040	175	207427	1		832004104	100	0			0				0		027
QPRV00023682_00051	QPRV00023682	0	51053040	175	556417	1		832004104	098	0			0				0		104
QPRV00023682_00052	QPRV00023682	0	51053040	175	3452709	1		832004104	100	0			0				0		028
QPRV00023682_00053	QPRV00023682	0	51053040	175	288471	1		832004104	093	0			0				0		018
QPRV00023682_00054	QPRV00023682	0	51053040	175	451838	1		832004104	093	0			0				0		014
QPRV00023682_00055	QPRV00023682	0	51053040	175	454443	1		832004104	093	0			0				0		012
QPRV00023682_00056	QPRV00023682	0	51053040	175	67741	1		832004104	096	0			0				0		103
QPRV00023682_00057	QPRV00023682	0	52053040	175	1278592	1		832004104	510	0			0				0		
QPRV00023682_00058	QPRV00023682	0	51053040	175	415889	1		832004104	098	0			0				0		501
QPRV00023682_00059	QPRV00023682	0	52053040	175	478466	1		832004104	630	0			0				0		
QPRV00023682_00060	QPRV00023682	0	51053040	175	469500	1		832004104	093	0			0				0		011
QPRV00023682_00061	QPRV00023682	0	51053040	175	217928	1		832004104	098	0			0				0		510
QPRV00023682_00062	QPRV00023682	0	51053040	175	182721	1		832004104	098	0			0				0		109
QPRV00023682_00063	QPRV00023682	0	52053040	175	635524	1		832004104	511	0			0				0		
QPRV00023682_00064	QPRV00023682	0	51053040	175	147731	1		832004104	098	0			0				0		620
QPRV00023682_00065	QPRV00023682	0	52053040	175	549429	1		832004104	410	0			0				0		
QPRV00023682_00066	QPRV00023682	0	51053040	175	81167	1		832004104	093	0			0				0		025
QPRV00023682_00067	QPRV00023682	0	51053040	175	29127	1		832004104	099	0			0				0		900
QPRV00023682_00068	QPRV00023682	0	52053040	175	698434	1		832004104	702	0			0				0		
QPRV00023682_00069	QPRV00023682	0	52053040	175	1122003	1		832004104	501	0			0				0		
QPRV00023682_00070	QPRV00023682	0	51053040	175	241768	1		832004104	098	0			0				0		410
QPRV00023682_00071	QPRV00023682	0	51053040	175	657766	1		832004104	099	0			0				0		999
QPRV00023682_00072	QPRV00023682	0	51053040	175	60758	1		832004104	096	0			0				0		001
QPRV00023682_00073	QPRV00023682	0	52053040	175	193269	1		832004104	721	0			0				0		
QPRV00023682_00074	QPRV00023682	0	52053040	175	414094	1		832004104	201	0			0				0		
QPRV00023682_00075	QPRV00023682	0	52053040	175	226280	1		832004104	151	0			0				0		
QPRV00023682_00076	QPRV00023682	0	51053040	175	59862	1		832004104	093	0			0				0		009
QPRV00023682_00077	QPRV00023682	0	51053040	175	116667	1		832004104	099	0			0				0		100
QPRV00023682_00078	QPRV00023682	0	51053040	175	384204	1		832004104	093	0			0				0		017
QPRV00023682_00079	QPRV00023682	0	51053040	175	215000	1		832004104	093	0			0				0		029
QPRV00023682_00080	QPRV00023682	0	51053040	175	1047323	1		832004104	098	0			0				0		151
QPRV00023682_00081	QPRV00023682	0	52053040	175	725219	1		832004104	701	0			0				0		
QPRV00023682_00082	QPRV00023682	0	51053040	175	194891	1		832004104	098	0			0				0		201
QPRV00023682_00083	QPRV00023682	0	51053040	175	307899	1		832004104	098	0			0				0		102
QPRV00023682_00084	QPRV00023682	0	51053040	175	402272	1		832004104	098	0			0				0		701
QPRV00023683_00085	QPRV00023683	0	510539	145	181418	1		832004104	093	0			0				0		010
QPRV00023683_00125	QPRV00023683	0	520539	145	86055	1		832004104	721	0			0				0		
QPRV00023683_00087	QPRV00023683	0	510539	145	56015	1		832004104	098	0			0				0		104
QPRV00023683_00088	QPRV00023683	0	510539	145	57846	1		832004104	100	0			0				0		027
QPRV00023683_00089	QPRV00023683	0	510539	145	771290	1		832004104	100	0			0				0		028
QPRV00023683_00090	QPRV00023683	0	510539	145	352704	1		832004104	098	0			0				0		701
QPRV00023683_00091	QPRV00023683	0	520539	145	332386	1		832004104	210	0			0				0		
QPRV00023683_00092	QPRV00023683	0	510539	145	105880	1		832004104	098	0			0				0		510
QPRV00023683_00093	QPRV00023683	0	520539	145	242706	1		832004104	511	0			0				0		
QPRV00023683_00094	QPRV00023683	0	510539	145	111409	1		832004104	098	0			0				0		620
QPRV00023683_00095	QPRV00023683	0	510539	145	219959	1		832004104	093	0			0				0		014
QPRV00023683_00096	QPRV00023683	0	520539	145	266997	1		832004104	410	0			0				0		
QPRV00023683_00097	QPRV00023683	0	510539	145	222416	1		832004104	093	0			0				0		011
QPRV00023683_00098	QPRV00023683	0	510539	145	186042	1		832004104	093	0			0				0		017
QPRV00023683_00099	QPRV00023683	0	510539	145	26848	1		832004104	093	0			0				0		009
QPRV00023683_00100	QPRV00023683	0	510539	145	50588	1		832004104	098	0			0				0		410
QPRV00023683_00101	QPRV00023683	0	510539	145	167605	1		832004104	093	0			0				0		018
QPRV00023683_00102	QPRV00023683	0	510539	145	319694	1		832004104	098	0			0				0		102
QPRV00023683_00103	QPRV00023683	0	520539	145	402986	1		832004104	510	0			0				0		
QPRV00023683_00104	QPRV00023683	0	520539	145	248977	1		832004104	701	0			0				0		
QPRV00023683_00105	QPRV00023683	0	520539	145	189415	1		832004104	702	0			0				0		
QPRV00023683_00106	QPRV00023683	0	520539	145	119785	1		832004104	630	0			0				0		
QPRV00023683_00107	QPRV00023683	0	510539	145	58333	1		832004104	099	0			0				0		100
QPRV00023683_00108	QPRV00023683	0	510539	145	12677	1		832004104	099	0			0				0		900
QPRV00023683_00109	QPRV00023683	0	510539	145	624165	1		832004104	098	0			0				0		151
QPRV00023683_00110	QPRV00023683	0	510539	145	26848	1		832004104	096	0			0				0		001
QPRV00023683_00111	QPRV00023683	0	520539	145	678835	1		832004104	501	0			0				0		
QPRV00023683_00112	QPRV00023683	0	520539	145	230656	1		832004104	201	0			0				0		
QPRV00023683_00113	QPRV00023683	0	510539	145	461223	1		832004104	098	0			0				0		501
QPRV00023683_00114	QPRV00023683	0	510539	145	80306	1		832004104	098	0			0				0		201
QPRV00023683_00115	QPRV00023683	0	510539	145	273084	1		832004104	093	0			0				0		012
QPRV00023683_00116	QPRV00023683	0	510539	145	302856	1		832004104	099	0			0				0		999
QPRV00023683_00117	QPRV00023683	0	510539	145	37500	1		832004104	093	0			0				0		025
QPRV00023683_00118	QPRV00023683	0	520539	145	59468	1		832004104	503	0			0				0		
QPRV00023683_00119	QPRV00023683	0	520539	145	113183	1		832004104	151	0			0				0		
QPRV00023683_00120	QPRV00023683	0	510539	145	272828	1		832004104	098	0			0				0		109
QPRV00023683_00121	QPRV00023683	0	510539	145	101333	1		832004104	093	0			0				0		029
QPRV00023683_00122	QPRV00023683	0	510539	145	112754	1		832004104	096	0			0				0		103
QPRV00023683_00123	QPRV00023683	0	510539	145	66666	1		832004104	100	0			0				0		029
QPRV00023683_00124	QPRV00023683	0	520539	145	198477	1		832004104	512	0			0				0		
QPRV00023683_00086	QPRV00023683	0	510539	145	119028	1		832004104	096	0			0				0		102
QPRV00023684_00126	QPRV00023684	0	520536	130	193269	1		832004104	721	0			0				0		
QPRV00023684_00166	QPRV00023684	0	510536	130	402272	1		832004104	098	0			0				0		701
QPRV00023684_00128	QPRV00023684	0	520536	130	499429	1		832004104	410	0			0				0		
QPRV00023684_00129	QPRV00023684	0	510536	130	451839	1		832004104	093	0			0				0		014
QPRV00023684_00130	QPRV00023684	0	510536	130	207427	1		832004104	100	0			0				0		027
QPRV00023684_00131	QPRV00023684	0	510536	130	564436	1		832004104	093	0			0				0		012
QPRV00023684_00132	QPRV00023684	0	510536	130	147730	1		832004104	098	0			0				0		620
QPRV00023684_00133	QPRV00023684	0	520536	130	130100	1		832004104	503	0			0				0		
QPRV00023684_00134	QPRV00023684	0	510536	130	1047317	1		832004104	098	0			0				0		151
QPRV00023684_00135	QPRV00023684	0	510536	130	570522	1		832004104	098	0			0				0		501
QPRV00023684_00136	QPRV00023684	0	510536	130	989373	1		832004104	099	0			0				0		999
QPRV00023684_00137	QPRV00023684	0	510536	130	384210	1		832004104	093	0			0				0		017
QPRV00023684_00138	QPRV00023684	0	520536	130	725219	1		832004104	701	0			0				0		
QPRV00023684_00139	QPRV00023684	0	520536	130	301494	1		832004104	201	0			0				0		
QPRV00023684_00140	QPRV00023684	0	520536	130	1122003	1		832004104	501	0			0				0		
QPRV00023684_00141	QPRV00023684	0	510536	130	405787	1		832004104	098	0			0				0		104
QPRV00023684_00142	QPRV00023684	0	510536	130	234591	1		832004104	098	0			0				0		102
QPRV00023684_00143	QPRV00023684	0	520536	130	473369	1		832004104	511	0			0				0		
QPRV00023684_00144	QPRV00023684	0	510536	130	369000	1		832004104	093	0			0				0		010
QPRV00023684_00145	QPRV00023684	0	510536	130	59862	1		832004104	093	0			0				0		009
QPRV00023684_00146	QPRV00023684	0	510536	130	469499	1		832004104	093	0			0				0		011
QPRV00023684_00147	QPRV00023684	0	510536	130	217927	1		832004104	098	0			0				0		510
QPRV00023684_00148	QPRV00023684	0	510536	130	67741	1		832004104	096	0			0				0		103
QPRV00023684_00149	QPRV00023684	0	510536	130	133333	1		832004104	100	0			0				0		029
QPRV00023684_00150	QPRV00023684	0	510536	130	61921	1		832004104	099	0			0				0		900
QPRV00023684_00151	QPRV00023684	0	520536	130	319608	1		832004104	151	0			0				0		
QPRV00023684_00152	QPRV00023684	0	510536	130	58928	1		832004104	096	0			0				0		102
QPRV00023684_00153	QPRV00023684	0	510536	130	60758	1		832004104	096	0			0				0		001
QPRV00023684_00154	QPRV00023684	0	520536	130	1278591	1		832004104	510	0			0				0		
QPRV00023684_00155	QPRV00023684	0	510536	130	194890	1		832004104	098	0			0				0		201
QPRV00023684_00156	QPRV00023684	0	510536	130	81167	1		832004104	093	0			0				0		025
QPRV00023684_00157	QPRV00023684	0	510536	130	182712	1		832004104	098	0			0				0		109
QPRV00023684_00158	QPRV00023684	0	520536	130	284101	1		832004104	630	0			0				0		
QPRV00023684_00159	QPRV00023684	0	520536	130	508700	1		832004104	210	0			0				0		
QPRV00023684_00160	QPRV00023684	0	510536	130	116667	1		832004104	099	0			0				0		100
QPRV00023684_00161	QPRV00023684	0	510536	130	215000	1		832004104	093	0			0				0		029
QPRV00023684_00162	QPRV00023684	0	510536	130	241973	1		832004104	093	0			0				0		018
QPRV00023684_00163	QPRV00023684	0	510536	130	241768	1		832004104	098	0			0				0		410
QPRV00023684_00164	QPRV00023684	0	510536	130	890376	1		832004104	100	0			0				0		028
QPRV00023684_00165	QPRV00023684	0	520536	130	603915	1		832004104	702	0			0				0		
QPRV00023684_00127	QPRV00023684	0	520536	130	368898	1		832004104	512	0			0				0		
