QPRF00010551_00003	QPRF00010551	0	51057040	SOLID	100	2		800229739	098	0			0				0		701
QPRF00010551_00002	QPRF00010551	0	52057040	SOLID	100	1		800229739	501	0			0				0		
QPRF00010551_00001	QPRF00010551	0	52057040	SOLID	100	1		800229739	510	0			0				0		
QPRF00010552_00004	QPRF00010552	0	51057240	I.C.B.F	178800	1		899999239	100	0			0				0		028
QPRF00010553_00005	QPRF00010553	0	51057240	SENA	119200	1		899999034	100	0			0				0		028
QPRF00010554_00006	QPRF00010554	0	52057240	C.C.F	119700	1		891180008	630	0			0				0		
QPRF00010555_00007	QPRF00010555	0	51057240	C.C.F	111000	1		891080005	098	0			0				0		410
QPRF00010555_00008	QPRF00010555	0	52057240	C.C.F	218900	1		891080005	410	0			0				0		
QPRF00010556_00013	QPRF00010556	0	52057240	C.C.F	169400	1		890480023	512	0			0				0		
QPRF00010556_00012	QPRF00010556	0	52057240	C.C.F	461000	1		890480023	510	0			0				0		
QPRF00010556_00011	QPRF00010556	0	51057240	C.C.F	127300	1		890480023	099	0			0				0		999
QPRF00010556_00010	QPRF00010556	0	52057240	C.C.F	180400	1		890480023	511	0			0				0		
QPRF00010556_00009	QPRF00010556	0	52057240	C.C.F	62400	1		890480023	503	0			0				0		
QPRF00010556_00014	QPRF00010556	0	51057240	C.C.F	101600	1		890480023	098	0			0				0		510
QPRF00010557_00017	QPRF00010557	0	51057240	C.C.F	90500	1		890303208	098	0			0				0		201
QPRF00010557_00016	QPRF00010557	0	52057240	C.C.F	131900	1		890303208	201	0			0				0		
QPRF00010557_00015	QPRF00010557	0	52057240	C.C.F	233600	1		890303208	210	0			0				0		
QPRF00010558_00020	QPRF00010558	0	52057240	C.C.F	272800	1		890201578	702	0			0				0		
QPRF00010558_00019	QPRF00010558	0	52057240	C.C.F	307500	1		890201578	701	0			0				0		
QPRF00010558_00018	QPRF00010558	0	51057240	C.C.F	2700	1		890201578	099	0			0				0		900
QPRF00010558_00021	QPRF00010558	0	52057240	C.C.F	86800	1		890201578	721	0			0				0		
QPRF00010558_00023	QPRF00010558	0	51057240	C.C.F	192800	1		890201578	098	0			0				0		701
QPRF00010558_00022	QPRF00010558	0	51057240	C.C.F	30400	1		890201578	096	0			0				0		103
QPRF00010559_00024	QPRF00010559	0	51057240	C.C.F	192800	1		890101994	098	0			0				0		501
QPRF00010559_00026	QPRF00010559	0	51057240	C.C.F	23600	1		890101994	099	0			0				0		999
QPRF00010559_00025	QPRF00010559	0	52057240	C.C.F	518000	1		890101994	501	0			0				0		
QPRF00010559_00027	QPRF00010559	0	52057240	C.C.F	138100	1		890101994	510	0			0				0		
QPRF00010560_00028	QPRF00010560	0	51057240	C.C.F	211200	1		860066942	093	0			0				0		014
QPRF00010560_00029	QPRF00010560	0	51057240	C.C.F	130200	1		860066942	098	0			0				0		102
QPRF00010560_00051	QPRF00010560	0	51057240	C.C.F	659900	1		860066942	100	0			0				0		028
QPRF00010560_00050	QPRF00010560	0	51057240	C.C.F	174200	1		860066942	093	0			0				0		010
QPRF00010560_00049	QPRF00010560	0	51057240	C.C.F	131100	1		860066942	099	0			0				0		999
QPRF00010560_00048	QPRF00010560	0	51057240	C.C.F	178600	1		860066942	093	0			0				0		017
QPRF00010560_00047	QPRF00010560	0	51057240	C.C.F	494000	1		860066942	098	0			0				0		151
QPRF00010560_00046	QPRF00010560	0	51057240	C.C.F	205100	1		860066942	098	0			0				0		104
QPRF00010560_00030	QPRF00010560	0	51057240	C.C.F	26200	1		860066942	096	0			0				0		001
QPRF00010560_00031	QPRF00010560	0	52057240	C.C.F	103900	1		860066942	151	0			0				0		
QPRF00010560_00032	QPRF00010560	0	51057240	C.C.F	25800	1		860066942	093	0			0				0		009
QPRF00010560_00033	QPRF00010560	0	51057240	C.C.F	27200	1		860066942	096	0			0				0		102
QPRF00010560_00034	QPRF00010560	0	51057240	C.C.F	70900	1		860066942	098	0			0				0		620
QPRF00010560_00035	QPRF00010560	0	51057240	C.C.F	36000	1		860066942	093	0			0				0		025
QPRF00010560_00036	QPRF00010560	0	51057240	C.C.F	97300	1		860066942	093	0			0				0		029
QPRF00010560_00037	QPRF00010560	0	51057240	C.C.F	90700	1		860066942	100	0			0				0		027
QPRF00010560_00038	QPRF00010560	0	51057240	C.C.F	97500	1		860066942	098	0			0				0		109
QPRF00010560_00039	QPRF00010560	0	51057240	C.C.F	213600	1		860066942	093	0			0				0		011
QPRF00010560_00040	QPRF00010560	0	51057240	C.C.F	9900	1		860066942	099	0			0				0		900
QPRF00010560_00041	QPRF00010560	0	51057240	C.C.F	102500	1		860066942	093	0			0				0		018
QPRF00010560_00042	QPRF00010560	0	51057240	C.C.F	56000	1		860066942	099	0			0				0		100
QPRF00010560_00043	QPRF00010560	0	51057240	C.C.F	64000	1		860066942	100	0			0				0		029
QPRF00010560_00044	QPRF00010560	0	52057240	C.C.F	25800	1		860066942	701	0			0				0		
QPRF00010560_00045	QPRF00010560	0	51057240	C.C.F	195900	1		860066942	093	0			0				0		012
QPRF00010561_00052	QPRF00010561	0	51056940	EPS	48400	1		860066942	093	0			0				0		010
QPRF00010562_00053	QPRF00010562	0	51056940	EPS	80544	1		830009783	093	0			0				0		017
QPRF00010563_00054	QPRF00010563	0	51056940	EPS	80544	1		830003564	093	0			0				0		021
QPRF00010564_00057	QPRF00010564	0	51056940	EPS	900	2		800250119	098	0			0				0		104
QPRF00010564_00056	QPRF00010564	0	51056940	EPS	200	2		800250119	098	0			0				0		701
QPRF00010564_00055	QPRF00010564	0	52056940	EPS	29900	1		800250119	511	0			0				0		
QPRF00010565_00058	QPRF00010565	0	51056940	EPS	557300	1		800088702	100	0			0				0		028
QPRF00010566_00059	QPRF00010566	0	51056803	ARP	26600	1		860002503	098	0			0				0		510
QPRF00010566_00060	QPRF00010566	0	51056803	ARP	4700	1		860002503	093	0			0				0		025
QPRF00010566_00061	QPRF00010566	0	52056803	ARP	194503	1		860002503	510	0			0				0		
QPRF00010566_00062	QPRF00010566	0	51056803	ARP	40400	1		860002503	093	0			0				0		011
QPRF00010566_00063	QPRF00010566	0	51056803	ARP	14600	1		860002503	099	0			0				0		100
QPRF00010566_00064	QPRF00010566	0	52056803	ARP	69447	1		860002503	201	0			0				0		
QPRF00010566_00065	QPRF00010566	0	52056803	ARP	16300	1		860002503	503	0			0				0		
QPRF00010566_00066	QPRF00010566	0	52056803	ARP	67100	1		860002503	630	0			0				0		
QPRF00010566_00067	QPRF00010566	0	51056803	ARP	23300	1		860002503	098	0			0				0		102
QPRF00010566_00068	QPRF00010566	0	51056803	ARP	23400	1		860002503	093	0			0				0		012
QPRF00010566_00069	QPRF00010566	0	51056803	ARP	18500	1		860002503	098	0			0				0		620
QPRF00010566_00070	QPRF00010566	0	51056803	ARP	227422	1		860002503	099	0			0				0		999
QPRF00010566_00071	QPRF00010566	0	51056803	ARP	86400	1		860002503	098	0			0				0		104
QPRF00010566_00072	QPRF00010566	0	51056803	ARP	18000	1		860002503	098	0			0				0		109
QPRF00010566_00073	QPRF00010566	0	51056803	ARP	45300	1		860002503	098	0			0				0		701
QPRF00010566_00074	QPRF00010566	0	51056803	ARP	23700	1		860002503	098	0			0				0		201
QPRF00010566_00075	QPRF00010566	0	51056803	ARP	26700	1		860002503	093	0			0				0		017
QPRF00010566_00076	QPRF00010566	0	51056803	ARP	31400	1		860002503	093	0			0				0		014
QPRF00010566_00077	QPRF00010566	0	52056803	ARP	54400	1		860002503	210	0			0				0		
QPRF00010566_00078	QPRF00010566	0	51056803	ARP	50400	1		860002503	098	0			0				0		501
QPRF00010566_00079	QPRF00010566	0	52056803	ARP	50800	1		860002503	511	0			0				0		
QPRF00010566_00080	QPRF00010566	0	51056803	ARP	169304	1		860002503	098	0			0				0		151
QPRF00010566_00081	QPRF00010566	0	51056803	ARP	5800	1		860002503	096	0			0				0		103
QPRF00010566_00082	QPRF00010566	0	52056803	ARP	57528	1		860002503	410	0			0				0		
QPRF00010566_00083	QPRF00010566	0	51056803	ARP	26909	1		860002503	098	0			0				0		410
QPRF00010566_00084	QPRF00010566	0	51056803	ARP	6728	1		860002503	093	0			0				0		009
QPRF00010566_00085	QPRF00010566	0	52056803	ARP	44200	1		860002503	512	0			0				0		
QPRF00010566_00086	QPRF00010566	0	52056803	ARP	243047	1		860002503	702	0			0				0		
QPRF00010566_00087	QPRF00010566	0	51056803	ARP	45600	1		860002503	096	0			0				0		001
QPRF00010566_00088	QPRF00010566	0	51056803	ARP	2600	1		860002503	096	0			0				0		102
QPRF00010566_00089	QPRF00010566	0	51056803	ARP	19400	1		860002503	093	0			0				0		029
QPRF00010566_00090	QPRF00010566	0	52056803	ARP	27100	1		860002503	151	0			0				0		
QPRF00010566_00091	QPRF00010566	0	52056803	ARP	83628	1		860002503	701	0			0				0		
QPRF00010566_00092	QPRF00010566	0	51056803	ARP	24720	1		860002503	093	0			0				0		010
QPRF00010566_00093	QPRF00010566	0	51056803	ARP	16700	1		860002503	100	0			0				0		029
QPRF00010566_00094	QPRF00010566	0	52056803	ARP	22700	1		860002503	721	0			0				0		
QPRF00010566_00095	QPRF00010566	0	51056803	ARP	17900	1		860002503	099	0			0				0		900
QPRF00010566_00096	QPRF00010566	0	51056803	ARP	16000	1		860002503	100	0			0				0		027
QPRF00010566_00097	QPRF00010566	0	51056803	ARP	3400	1		860002503	093	0			0				0		021
QPRF00010566_00098	QPRF00010566	0	51056803	ARP	122800	1		860002503	100	0			0				0		028
QPRF00010566_00099	QPRF00010566	0	51056803	ARP	12700	1		860002503	093	0			0				0		018
QPRF00010566_00100	QPRF00010566	0	52056803	ARP	157900	1		860002503	501	0			0				0		
QPRF00010567_00104	QPRF00010567	0	51057040	AFP	87200	1		900336004	093	0			0				0		012
QPRF00010567_00103	QPRF00010567	0	52057040	AFP	163600	1		900336004	151	0			0				0		
QPRF00010567_00102	QPRF00010567	0	52057040	AFP	119500	1		900336004	511	0			0				0		
QPRF00010567_00101	QPRF00010567	0	51057040	AFP	534000	1		900336004	100	0			0				0		028
QPRF00010567_00111	QPRF00010567	0	51057040	AFP	265800	1		900336004	098	0			0				0		151
QPRF00010567_00105	QPRF00010567	0	52057040	AFP	81800	1		900336004	501	0			0				0		
QPRF00010567_00109	QPRF00010567	0	51057040	AFP	8200	1		900336004	099	0			0				0		900
QPRF00010567_00108	QPRF00010567	0	51057040	AFP	87800	1		900336004	098	0			0				0		201
QPRF00010567_00107	QPRF00010567	0	51057040	AFP	126000	1		900336004	093	0			0				0		014
QPRF00010567_00106	QPRF00010567	0	51057040	AFP	138000	1		900336004	093	0			0				0		029
QPRF00010567_00110	QPRF00010567	0	52057040	AFP	131200	1		900336004	702	0			0				0		
QPRF00010568_00123	QPRF00010568	0	51057040	AFP	212800	1		800229739	098	0			0				0		620
QPRF00010568_00124	QPRF00010568	0	51057040	AFP	171800	1		800229739	098	0			0				0		410
QPRF00010568_00125	QPRF00010568	0	51057040	AFP	78600	1		800229739	096	0			0				0		001
QPRF00010568_00126	QPRF00010568	0	51057040	AFP	102000	1		800229739	093	0			0				0		012
QPRF00010568_00122	QPRF00010568	0	51057040	AFP	369200	1		800229739	093	0			0				0		017
QPRF00010568_00121	QPRF00010568	0	51057040	AFP	170000	1		800229739	100	0			0				0		027
QPRF00010568_00120	QPRF00010568	0	52057040	AFP	94600	1		800229739	210	0			0				0		
QPRF00010568_00119	QPRF00010568	0	52057040	AFP	546400	1		800229739	701	0			0				0		
QPRF00010568_00118	QPRF00010568	0	51057040	AFP	193800	1		800229739	093	0			0				0		010
QPRF00010568_00117	QPRF00010568	0	51057040	AFP	125800	1		800229739	098	0			0				0		501
QPRF00010568_00116	QPRF00010568	0	51057040	AFP	196200	1		800229739	098	0			0				0		510
QPRF00010568_00115	QPRF00010568	0	51057040	AFP	100800	1		800229739	098	0			0				0		151
QPRF00010568_00114	QPRF00010568	0	51057040	AFP	476100	1		800229739	099	0			0				0		999
QPRF00010568_00113	QPRF00010568	0	52057040	AFP	165300	1		800229739	410	0			0				0		
QPRF00010568_00112	QPRF00010568	0	52057040	AFP	917600	1		800229739	501	0			0				0		
QPRF00010568_00127	QPRF00010568	0	51057040	AFP	399400	1		800229739	093	0			0				0		014
QPRF00010568_00140	QPRF00010568	0	52057040	AFP	1337700	1		800229739	510	0			0				0		
QPRF00010568_00139	QPRF00010568	0	51057040	AFP	208000	1		800229739	098	0			0				0		109
QPRF00010568_00138	QPRF00010568	0	51057040	AFP	404200	1		800229739	098	0			0				0		701
QPRF00010568_00137	QPRF00010568	0	51057040	AFP	204000	1		800229739	093	0			0				0		018
QPRF00010568_00136	QPRF00010568	0	52057040	AFP	130200	1		800229739	630	0			0				0		
QPRF00010568_00135	QPRF00010568	0	51057040	AFP	108000	1		800229739	093	0			0				0		025
QPRF00010568_00134	QPRF00010568	0	51057040	AFP	168000	1		800229739	099	0			0				0		100
QPRF00010568_00133	QPRF00010568	0	52057040	AFP	277400	1		800229739	511	0			0				0		
QPRF00010568_00132	QPRF00010568	0	51057040	AFP	1121600	1		800229739	100	0			0				0		028
QPRF00010568_00131	QPRF00010568	0	51057040	AFP	414000	1		800229739	093	0			0				0		011
QPRF00010568_00130	QPRF00010568	0	52057040	AFP	81600	1		800229739	512	0			0				0		
QPRF00010568_00129	QPRF00010568	0	51057040	AFP	153800	1		800229739	093	0			0				0		029
QPRF00010568_00128	QPRF00010568	0	52057040	AFP	348000	1		800229739	702	0			0				0		
QPRF00010569_00153	QPRF00010569	0	52057040	AFP	174200	1		800227940	512	0			0				0		
QPRF00010569_00152	QPRF00010569	0	52057040	AFP	139000	1		800227940	510	0			0				0		
QPRF00010569_00151	QPRF00010569	0	51057040	AFP	296400	1		800227940	098	0			0				0		102
QPRF00010569_00150	QPRF00010569	0	52057040	AFP	129400	1		800227940	501	0			0				0		
QPRF00010569_00149	QPRF00010569	0	52057040	AFP	196200	1		800227940	511	0			0				0		
QPRF00010569_00148	QPRF00010569	0	51057040	AFP	77300	1		800227940	098	0			0				0		410
QPRF00010569_00154	QPRF00010569	0	51057040	AFP	88200	1		800227940	098	0			0				0		104
QPRF00010569_00146	QPRF00010569	0	52057040	AFP	235400	1		800227940	201	0			0				0		
QPRF00010569_00145	QPRF00010569	0	51057040	AFP	312000	1		800227940	100	0			0				0		028
QPRF00010569_00144	QPRF00010569	0	52057040	AFP	81600	1		800227940	630	0			0				0		
QPRF00010569_00143	QPRF00010569	0	52057040	AFP	88000	1		800227940	410	0			0				0		
QPRF00010569_00142	QPRF00010569	0	51057040	AFP	77300	1		800227940	098	0			0				0		151
QPRF00010569_00141	QPRF00010569	0	51057040	AFP	108000	1		800227940	093	0			0				0		014
QPRF00010569_00147	QPRF00010569	0	51057040	AFP	103600	1		800227940	093	0			0				0		018
QPRF00010570_00155	QPRF00010570	0	51057040	AFP	107400	1		800224808	100	0			0				0		027
QPRF00010570_00188	QPRF00010570	0	51057040	AFP	84400	1		800224808	098	0			0				0		109
QPRF00010570_00157	QPRF00010570	0	51057040	AFP	1037800	1		800224808	098	0			0				0		151
QPRF00010570_00158	QPRF00010570	0	51057040	AFP	94200	1		800224808	098	0			0				0		102
QPRF00010570_00159	QPRF00010570	0	51057040	AFP	173400	1		800224808	098	0			0				0		701
QPRF00010570_00160	QPRF00010570	0	52057040	AFP	187400	1		800224808	503	0			0				0		
QPRF00010570_00161	QPRF00010570	0	51057040	AFP	398000	1		800224808	099	0			0				0		999
QPRF00010570_00162	QPRF00010570	0	51057040	AFP	81600	1		800224808	096	0			0				0		102
QPRF00010570_00163	QPRF00010570	0	51057040	AFP	84000	1		800224808	100	0			0				0		028
QPRF00010570_00164	QPRF00010570	0	51057040	AFP	77300	1		800224808	093	0			0				0		009
QPRF00010570_00165	QPRF00010570	0	51057040	AFP	84000	1		800224808	098	0			0				0		410
QPRF00010570_00166	QPRF00010570	0	52057040	AFP	453400	1		800224808	701	0			0				0		
QPRF00010570_00167	QPRF00010570	0	52057040	AFP	406600	1		800224808	410	0			0				0		
QPRF00010570_00168	QPRF00010570	0	51057040	AFP	29600	1		800224808	099	0			0				0		900
QPRF00010570_00169	QPRF00010570	0	51057040	AFP	166600	1		800224808	093	0			0				0		017
QPRF00010570_00170	QPRF00010570	0	52057040	AFP	260600	1		800224808	721	0			0				0		
QPRF00010570_00171	QPRF00010570	0	51057040	AFP	226400	1		800224808	093	0			0				0		011
QPRF00010570_00172	QPRF00010570	0	52057040	AFP	257600	1		800224808	512	0			0				0		
QPRF00010570_00173	QPRF00010570	0	52057040	AFP	339500	1		800224808	702	0			0				0		
QPRF00010570_00174	QPRF00010570	0	52057040	AFP	160100	1		800224808	201	0			0				0		
QPRF00010570_00175	QPRF00010570	0	51057040	AFP	328600	1		800224808	093	0			0				0		010
QPRF00010570_00176	QPRF00010570	0	51057040	AFP	192000	1		800224808	100	0			0				0		029
QPRF00010570_00177	QPRF00010570	0	51057040	AFP	91200	1		800224808	096	0			0				0		103
QPRF00010570_00178	QPRF00010570	0	51057040	AFP	457600	1		800224808	098	0			0				0		501
QPRF00010570_00179	QPRF00010570	0	52057040	AFP	320000	1		800224808	510	0			0				0		
QPRF00010570_00180	QPRF00010570	0	52057040	AFP	147200	1		800224808	630	0			0				0		
QPRF00010570_00181	QPRF00010570	0	51057040	AFP	528900	1		800224808	098	0			0				0		104
QPRF00010570_00182	QPRF00010570	0	51057040	AFP	398600	1		800224808	093	0			0				0		012
QPRF00010570_00183	QPRF00010570	0	52057040	AFP	148000	1		800224808	151	0			0				0		
QPRF00010570_00184	QPRF00010570	0	52057040	AFP	424600	1		800224808	501	0			0				0		
QPRF00010570_00185	QPRF00010570	0	51057040	AFP	185000	1		800224808	098	0			0				0		201
QPRF00010570_00186	QPRF00010570	0	51057040	AFP	108800	1		800224808	098	0			0				0		510
QPRF00010570_00187	QPRF00010570	0	52057040	AFP	636400	1		800224808	210	0			0				0		
QPRF00010570_00156	QPRF00010570	0	52057040	AFP	83800	1		800224808	511	0			0				0		
