QPRV00009749_00001	QPRV00009749	0	720533	190	95710	1		830089785	303	0			0				0		
QPRV00009749_00002	QPRV00009749	0	510533	190	24339	1		830089785	101	0			0				0		014
QPRV00009749_00024	QPRV00009749	0	720533	190	240207	1		830089785	103	0			0				0		
QPRV00009749_00023	QPRV00009749	0	510533	190	38255	1		830089785	101	0			0				0		012
QPRV00009749_00022	QPRV00009749	0	520533	190	8174	1		830089785	211	0			0				0		
QPRV00009749_00021	QPRV00009749	0	720533	190	11326	1		830089785	106	0			0				0		
QPRV00009749_00020	QPRV00009749	0	510533	190	20588	1		830089785	101	0			0				0		100
QPRV00009749_00019	QPRV00009749	0	520533	190	61077	1		830089785	502	0			0				0		
QPRV00009749_00018	QPRV00009749	0	510533	190	25365	1		830089785	101	0			0				0		022
QPRV00009749_00017	QPRV00009749	0	510533	190	34414	1		830089785	101	0			0				0		018
QPRV00009749_00016	QPRV00009749	0	510533	190	19734	1		830089785	101	0			0				0		501
QPRV00009749_00015	QPRV00009749	0	720533	190	37681	1		830089785	503	0			0				0		
QPRV00009749_00014	QPRV00009749	0	520533	190	26875	1		830089785	302	0			0				0		
QPRV00009749_00013	QPRV00009749	0	520533	190	1639	1		830089785	214	0			0				0		
QPRV00009749_00012	QPRV00009749	0	520533	190	262869	1		830089785	102	0			0				0		
QPRV00009749_00011	QPRV00009749	0	510533	190	64621	1		830089785	101	0			0				0		026
QPRV00009749_00010	QPRV00009749	0	510533	190	11374	1		830089785	101	0			0				0		009
QPRV00009749_00009	QPRV00009749	0	510533	190	6098	1		830089785	301	0			0				0		301
QPRV00009749_00008	QPRV00009749	0	510533	190	39328	1		830089785	101	0			0				0		027
QPRV00009749_00007	QPRV00009749	0	510533	190	57168	1		830089785	101	0			0				0		101
QPRV00009749_00006	QPRV00009749	0	520533	190	8334	1		830089785	206	0			0				0		
QPRV00009749_00005	QPRV00009749	0	510533	190	248029	1		830089785	101	0			0				0		025
QPRV00009749_00004	QPRV00009749	0	510533	190	10979	1		830089785	101	0			0				0		030
QPRV00009749_00003	QPRV00009749	0	510533	190	14175	1		830089785	101	0			0				0		029
QPRV00009750_00025	QPRV00009750	0	51053040	175	75333	1		830089785	101	0			0				0		029
QPRV00009750_00048	QPRV00009750	0	51053040	175	205154	1		830089785	101	0			0				0		027
QPRV00009750_00046	QPRV00009750	0	52053040	175	293789	1		830089785	502	0			0				0		
QPRV00009750_00045	QPRV00009750	0	51053040	175	309666	1		830089785	101	0			0				0		101
QPRV00009750_00044	QPRV00009750	0	51053040	175	214500	1		830089785	101	0			0				0		012
QPRV00009750_00043	QPRV00009750	0	51053040	175	48125	1		830089785	101	0			0				0		030
QPRV00009750_00042	QPRV00009750	0	52053040	175	151943	1		830089785	302	0			0				0		
QPRV00009750_00041	QPRV00009750	0	51053040	175	62667	1		830089785	301	0			0				0		301
QPRV00009750_00040	QPRV00009750	0	51053040	175	186583	1		830089785	101	0			0				0		018
QPRV00009750_00039	QPRV00009750	0	720531	175	58835	1		830089785	106	0			0				0		
QPRV00009750_00038	QPRV00009750	0	720531	175	1344301	1		830089785	103	0			0				0		
QPRV00009750_00037	QPRV00009750	0	51053040	175	59862	1		830089785	101	0			0				0		009
QPRV00009750_00036	QPRV00009750	0	51053040	175	133500	1		830089785	101	0			0				0		022
QPRV00009750_00035	QPRV00009750	0	51053040	175	1305417	1		830089785	101	0			0				0		025
QPRV00009750_00034	QPRV00009750	0	52053040	175	110712	1		830089785	211	0			0				0		
QPRV00009750_00033	QPRV00009750	0	52053040	175	1480910	1		830089785	102	0			0				0		
QPRV00009750_00032	QPRV00009750	0	51053040	175	147833	1		830089785	101	0			0				0		100
QPRV00009750_00031	QPRV00009750	0	51053040	175	356639	1		830089785	101	0			0				0		501
QPRV00009750_00030	QPRV00009750	0	720531	175	197907	1		830089785	503	0			0				0		
QPRV00009750_00029	QPRV00009750	0	52053040	175	114034	1		830089785	206	0			0				0		
QPRV00009750_00028	QPRV00009750	0	51053040	175	189500	1		830089785	101	0			0				0		014
QPRV00009750_00027	QPRV00009750	0	720531	175	508141	1		830089785	303	0			0				0		
QPRV00009750_00026	QPRV00009750	0	52053040	175	85056	1		830089785	214	0			0				0		
QPRV00009750_00047	QPRV00009750	0	51053040	175	291667	1		830089785	101	0			0				0		026
QPRV00009751_00049	QPRV00009751	0	510539	145	104167	1		830089785	101	0			0				0		012
QPRV00009751_00050	QPRV00009751	0	510539	145	9604	1		830089785	101	0			0				0		030
QPRV00009751_00051	QPRV00009751	0	510539	145	91666	1		830089785	101	0			0				0		014
QPRV00009751_00052	QPRV00009751	0	520539	145	52272	1		830089785	211	0			0				0		
QPRV00009751_00053	QPRV00009751	0	720539	145	26847	1		830089785	106	0			0				0		
QPRV00009751_00054	QPRV00009751	0	520539	145	61980	1		830089785	502	0			0				0		
QPRV00009751_00055	QPRV00009751	0	520539	145	670085	1		830089785	102	0			0				0		
QPRV00009751_00056	QPRV00009751	0	510539	145	28250	1		830089785	301	0			0				0		301
QPRV00009751_00057	QPRV00009751	0	510539	145	82362	1		830089785	101	0			0				0		100
QPRV00009751_00058	QPRV00009751	0	510539	145	148881	1		830089785	101	0			0				0		026
QPRV00009751_00059	QPRV00009751	0	720539	145	218175	1		830089785	303	0			0				0		
QPRV00009751_00060	QPRV00009751	0	720539	145	95973	1		830089785	503	0			0				0		
QPRV00009751_00061	QPRV00009751	0	720539	145	605052	1		830089785	103	0			0				0		
QPRV00009751_00062	QPRV00009751	0	520539	145	95275	1		830089785	302	0			0				0		
QPRV00009751_00063	QPRV00009751	0	510539	145	26848	1		830089785	101	0			0				0		009
QPRV00009751_00064	QPRV00009751	0	520539	145	39445	1		830089785	214	0			0				0		
QPRV00009751_00065	QPRV00009751	0	510539	145	366709	1		830089785	101	0			0				0		010
QPRV00009751_00066	QPRV00009751	0	510539	145	34584	1		830089785	101	0			0				0		029
QPRV00009751_00067	QPRV00009751	0	510539	145	148714	1		830089785	101	0			0				0		027
QPRV00009751_00068	QPRV00009751	0	510539	145	87500	1		830089785	101	0			0				0		018
QPRV00009751_00069	QPRV00009751	0	520539	145	57017	1		830089785	206	0			0				0		
QPRV00009751_00070	QPRV00009751	0	510539	145	501467	1		830089785	101	0			0				0		101
QPRV00009751_00071	QPRV00009751	0	510539	145	29292	1		830089785	101	0			0				0		501
QPRV00009751_00072	QPRV00009751	0	510539	145	66750	1		830089785	101	0			0				0		022
QPRV00009751_00073	QPRV00009751	0	510539	145	674465	1		830089785	101	0			0				0		025
QPRV00009752_00074	QPRV00009752	0	520536	130	110711	1		830089785	211	0			0				0		
QPRV00009752_00097	QPRV00009752	0	510536	130	186583	1		830089785	101	0			0				0		018
QPRV00009752_00076	QPRV00009752	0	720536	130	58835	1		830089785	106	0			0				0		
QPRV00009752_00077	QPRV00009752	0	720536	130	1344298	1		830089785	103	0			0				0		
QPRV00009752_00078	QPRV00009752	0	520536	130	293789	1		830089785	502	0			0				0		
QPRV00009752_00079	QPRV00009752	0	510536	130	59862	1		830089785	101	0			0				0		009
QPRV00009752_00080	QPRV00009752	0	520536	130	114034	1		830089785	206	0			0				0		
QPRV00009752_00081	QPRV00009752	0	510536	130	75333	1		830089785	101	0			0				0		029
QPRV00009752_00082	QPRV00009752	0	520536	130	1480909	1		830089785	102	0			0				0		
QPRV00009752_00083	QPRV00009752	0	510536	130	1305417	1		830089785	101	0			0				0		025
QPRV00009752_00084	QPRV00009752	0	520536	130	85056	1		830089785	214	0			0				0		
QPRV00009752_00085	QPRV00009752	0	510536	130	189500	1		830089785	101	0			0				0		014
QPRV00009752_00086	QPRV00009752	0	510536	130	63723	1		830089785	101	0			0				0		501
QPRV00009752_00087	QPRV00009752	0	510536	130	133500	1		830089785	101	0			0				0		022
QPRV00009752_00088	QPRV00009752	0	510536	130	291667	1		830089785	101	0			0				0		026
QPRV00009752_00089	QPRV00009752	0	520536	130	151943	1		830089785	302	0			0				0		
QPRV00009752_00090	QPRV00009752	0	510536	130	214500	1		830089785	101	0			0				0		012
QPRV00009752_00091	QPRV00009752	0	510536	130	62667	1		830089785	301	0			0				0		301
QPRV00009752_00092	QPRV00009752	0	720536	130	197907	1		830089785	503	0			0				0		
QPRV00009752_00093	QPRV00009752	0	510536	130	205154	1		830089785	101	0			0				0		027
QPRV00009752_00094	QPRV00009752	0	720536	130	508140	1		830089785	303	0			0				0		
QPRV00009752_00095	QPRV00009752	0	510536	130	97833	1		830089785	101	0			0				0		100
QPRV00009752_00096	QPRV00009752	0	510536	130	305666	1		830089785	101	0			0				0		101
QPRV00009752_00075	QPRV00009752	0	510536	130	55950	1		830089785	101	0			0				0		030
