QPRV00009721_00001	QPRV00009721	0	510533	190	22610	1		830089785	101	0			0				0		012
QPRV00009721_00021	QPRV00009721	0	510533	190	5944	1		830089785	101	0			0				0		014
QPRV00009721_00003	QPRV00009721	0	510533	190	18347	1		830089785	101	0			0				0		027
QPRV00009721_00004	QPRV00009721	0	720533	190	119466	1		830089785	103	0			0				0		
QPRV00009721_00005	QPRV00009721	0	720533	190	13995	1		830089785	503	0			0				0		
QPRV00009721_00006	QPRV00009721	0	510533	190	9865	1		830089785	101	0			0				0		029
QPRV00009721_00007	QPRV00009721	0	510533	190	12015	1		830089785	101	0			0				0		022
QPRV00009721_00008	QPRV00009721	0	720533	190	5479	1		830089785	106	0			0				0		
QPRV00009721_00009	QPRV00009721	0	520533	190	39733	1		830089785	208	0			0				0		
QPRV00009721_00010	QPRV00009721	0	510533	190	122875	1		830089785	101	0			0				0		009
QPRV00009721_00011	QPRV00009721	0	510533	190	84	1		830089785	101	0			0				0		301
QPRV00009721_00012	QPRV00009721	0	520533	190	21001	2		830089785	208	0			0				0		
QPRV00009721_00013	QPRV00009721	0	510533	190	35334	1		830089785	101	0			0				0		026
QPRV00009721_00014	QPRV00009721	0	510533	190	16502	1		830089785	101	0			0				0		101
QPRV00009721_00015	QPRV00009721	0	520533	190	10074	1		830089785	206	0			0				0		
QPRV00009721_00016	QPRV00009721	0	720533	190	50563	1		830089785	303	0			0				0		
QPRV00009721_00017	QPRV00009721	0	510533	190	4510	1		830089785	101	0			0				0		018
QPRV00009721_00018	QPRV00009721	0	520533	190	21414	1		830089785	205	0			0				0		
QPRV00009721_00019	QPRV00009721	0	520533	190	21115	1		830089785	220	0			0				0		
QPRV00009721_00020	QPRV00009721	0	520533	190	10431	1		830089785	204	0			0				0		
QPRV00009721_00002	QPRV00009721	0	520533	190	95980	1		830089785	102	0			0				0		
QPRV00009722_00022	QPRV00009722	0	52053040	175	213844	1		830089785	220	0			0				0		
QPRV00009722_00023	QPRV00009722	0	52053040	175	1071205	1		830089785	102	0			0				0		
QPRV00009722_00024	QPRV00009722	0	52053040	175	188028	1		830089785	205	0			0				0		
QPRV00009722_00025	QPRV00009722	0	720531	175	1608021	1		830089785	103	0			0				0		
QPRV00009722_00026	QPRV00009722	0	52053040	175	495589	1		830089785	208	0			0				0		
QPRV00009722_00027	QPRV00009722	0	720531	175	558173	1		830089785	303	0			0				0		
QPRV00009722_00028	QPRV00009722	0	720531	175	198112	1		830089785	503	0			0				0		
QPRV00009722_00029	QPRV00009722	0	51053040	175	106167	1		830089785	101	0			0				0		014
QPRV00009722_00030	QPRV00009722	0	51053040	175	200797	1		830089785	101	0			0				0		027
QPRV00009722_00031	QPRV00009722	0	51053040	175	184499	1		830089785	101	0			0				0		101
QPRV00009722_00032	QPRV00009722	0	51053040	175	133500	1		830089785	101	0			0				0		022
QPRV00009722_00033	QPRV00009722	0	52053040	175	108311	1		830089785	206	0			0				0		
QPRV00009722_00034	QPRV00009722	0	51053040	175	279000	1		830089785	101	0			0				0		012
QPRV00009722_00035	QPRV00009722	0	52053040	175	110008	1		830089785	204	0			0				0		
QPRV00009722_00036	QPRV00009722	0	51053040	175	1365279	1		830089785	101	0			0				0		009
QPRV00009722_00037	QPRV00009722	0	51053040	175	109833	1		830089785	101	0			0				0		029
QPRV00009722_00038	QPRV00009722	0	720531	175	59862	1		830089785	106	0			0				0		
QPRV00009722_00039	QPRV00009722	0	52053040	175	525019	2		830089785	208	0			0				0		
QPRV00009722_00040	QPRV00009722	0	51053040	175	61584	1		830089785	101	0			0				0		018
QPRV00009722_00041	QPRV00009722	0	51053040	175	22978	1		830089785	101	0			0				0		301
QPRV00009722_00042	QPRV00009722	0	51053040	175	331338	1		830089785	101	0			0				0		026
QPRV00009723_00062	QPRV00009723	0	510539	145	514692	1		830089785	101	0			0				0		026
QPRV00009723_00043	QPRV00009723	0	520539	145	199316	1		830089785	220	0			0				0		
QPRV00009723_00060	QPRV00009723	0	520539	145	126403	1		830089785	204	0			0				0		
QPRV00009723_00059	QPRV00009723	0	510539	145	10358	1		830089785	101	0			0				0		301
QPRV00009723_00058	QPRV00009723	0	720539	145	95973	1		830089785	503	0			0				0		
QPRV00009723_00057	QPRV00009723	0	720539	145	897597	1		830089785	103	0			0				0		
QPRV00009723_00056	QPRV00009723	0	520539	145	172340	1		830089785	205	0			0				0		
QPRV00009723_00055	QPRV00009723	0	510539	145	52527	1		830089785	101	0			0				0		029
QPRV00009723_00054	QPRV00009723	0	510539	145	66750	1		830089785	101	0			0				0		022
QPRV00009723_00053	QPRV00009723	0	520539	145	54155	1		830089785	206	0			0				0		
QPRV00009723_00052	QPRV00009723	0	720539	145	309745	1		830089785	303	0			0				0		
QPRV00009723_00051	QPRV00009723	0	520539	145	549137	1		830089785	102	0			0				0		
QPRV00009723_00050	QPRV00009723	0	510539	145	50000	1		830089785	101	0			0				0		014
QPRV00009723_00049	QPRV00009723	0	510539	145	86083	1		830089785	101	0			0				0		101
QPRV00009723_00048	QPRV00009723	0	510539	145	133334	1		830089785	101	0			0				0		012
QPRV00009723_00047	QPRV00009723	0	510539	145	164026	1		830089785	101	0			0				0		027
QPRV00009723_00046	QPRV00009723	0	510539	145	27708	1		830089785	101	0			0				0		018
QPRV00009723_00045	QPRV00009723	0	720539	145	26848	1		830089785	106	0			0				0		
QPRV00009723_00044	QPRV00009723	0	510539	145	1068022	1		830089785	101	0			0				0		009
QPRV00009723_00061	QPRV00009723	0	520539	145	914739	1		830089785	208	0			0				0		
QPRV00009724_00082	QPRV00009724	0	520536	130	188028	1		830089785	205	0			0				0		
QPRV00009724_00081	QPRV00009724	0	510536	130	331338	1		830089785	101	0			0				0		026
QPRV00009724_00080	QPRV00009724	0	520536	130	495589	1		830089785	208	0			0				0		
QPRV00009724_00079	QPRV00009724	0	720536	130	558173	1		830089785	303	0			0				0		
QPRV00009724_00078	QPRV00009724	0	510536	130	184499	1		830089785	101	0			0				0		101
QPRV00009724_00077	QPRV00009724	0	720536	130	1608021	1		830089785	103	0			0				0		
QPRV00009724_00076	QPRV00009724	0	720536	130	198112	1		830089785	503	0			0				0		
QPRV00009724_00075	QPRV00009724	0	510536	130	61584	1		830089785	101	0			0				0		018
QPRV00009724_00074	QPRV00009724	0	520536	130	1071205	1		830089785	102	0			0				0		
QPRV00009724_00073	QPRV00009724	0	510536	130	109833	1		830089785	101	0			0				0		029
QPRV00009724_00072	QPRV00009724	0	720536	130	59862	1		830089785	106	0			0				0		
QPRV00009724_00071	QPRV00009724	0	520536	130	443537	2		830089785	208	0			0				0		
QPRV00009724_00070	QPRV00009724	0	510536	130	279000	1		830089785	101	0			0				0		012
QPRV00009724_00069	QPRV00009724	0	510536	130	133500	1		830089785	101	0			0				0		022
QPRV00009724_00068	QPRV00009724	0	510536	130	1365279	1		830089785	101	0			0				0		009
QPRV00009724_00067	QPRV00009724	0	510536	130	106167	1		830089785	101	0			0				0		014
QPRV00009724_00066	QPRV00009724	0	520536	130	213844	1		830089785	220	0			0				0		
QPRV00009724_00065	QPRV00009724	0	520536	130	110008	1		830089785	204	0			0				0		
QPRV00009724_00064	QPRV00009724	0	510536	130	200797	1		830089785	101	0			0				0		027
QPRV00009724_00083	QPRV00009724	0	520536	130	108311	1		830089785	206	0			0				0		
QPRV00009724_00063	QPRV00009724	0	510536	130	22978	1		830089785	101	0			0				0		301
