QPRF00004457_00001	QPRF00004457	0	51057240	I.C.B.F	175900	1		899999239	101	0			0				0		101
QPRF00004457_00002	QPRF00004457	0	51057240	I.C.B.F	469900	1		899999239	101	0			0				0		025
QPRF00004457_00003	QPRF00004457	0	51057240	I.C.B.F	184800	1		899999239	101	0			0				0		010
QPRF00004458_00004	QPRF00004458	0	51057240	SENA	313300	1		899999034	101	0			0				0		025
QPRF00004458_00005	QPRF00004458	0	51057240	SENA	117300	1		899999034	101	0			0				0		101
QPRF00004458_00006	QPRF00004458	0	51057240	SENA	123200	1		899999034	101	0			0				0		010
QPRF00004459_00007	QPRF00004459	0	52057240	C.C.F	37900	1		890303208	214	0			0				0		
QPRF00004460_00008	QPRF00004460	0	52057240	C.C.F	141000	1		890201578	502	0			0				0		
QPRF00004460_00011	QPRF00004460	0	51057240	C.C.F	28100	1		890201578	101	0			0				0		501
QPRF00004460_00010	QPRF00004460	0	52057240	C.C.F	59200	1		890201578	102	0			0				0		
QPRF00004460_00009	QPRF00004460	0	72057240	C.C.F	91320	1		890201578	503	0			0				0		
QPRF00004461_00012	QPRF00004461	0	52057240	C.C.F	54700	1		890101994	206	0			0				0		
QPRF00004461_00015	QPRF00004461	0	51057240	C.C.F	27100	1		890101994	301	0			0				0		301
QPRF00004461_00014	QPRF00004461	0	72057240	C.C.F	218700	1		890101994	303	0			0				0		
QPRF00004461_00013	QPRF00004461	0	52057240	C.C.F	50200	1		890101994	211	0			0				0		
QPRF00004461_00016	QPRF00004461	0	52057240	C.C.F	72900	1		890101994	302	0			0				0		
QPRF00004462_00017	QPRF00004462	0	51057240	C.C.F	91200	1		860066942	101	0			0				0		027
QPRF00004462_00018	QPRF00004462	0	51057240	C.C.F	246400	1		860066942	101	0			0				0		010
QPRF00004462_00032	QPRF00004462	0	51057240	C.C.F	100000	1		860066942	101	0			0				0		012
QPRF00004462_00031	QPRF00004462	0	72057240	C.C.F	590600	1		860066942	103	0			0				0		
QPRF00004462_00030	QPRF00004462	0	51057240	C.C.F	86700	1		860066942	101	0			0				0		018
QPRF00004462_00019	QPRF00004462	0	51057240	C.C.F	64100	1		860066942	101	0			0				0		022
QPRF00004462_00020	QPRF00004462	0	51057240	C.C.F	626600	1		860066942	101	0			0				0		025
QPRF00004462_00021	QPRF00004462	0	51057240	C.C.F	88000	1		860066942	101	0			0				0		014
QPRF00004462_00022	QPRF00004462	0	51057240	C.C.F	374500	1		860066942	101	0			0				0		101
QPRF00004462_00023	QPRF00004462	0	51057240	C.C.F	26400	1		860066942	101	0			0				0		030
QPRF00004462_00024	QPRF00004462	0	52057240	C.C.F	623000	1		860066942	102	0			0				0		
QPRF00004462_00025	QPRF00004462	0	72057240	C.C.F	25800	1		860066942	106	0			0				0		
QPRF00004462_00026	QPRF00004462	0	51057240	C.C.F	140000	1		860066942	101	0			0				0		026
QPRF00004462_00027	QPRF00004462	0	51057240	C.C.F	25800	1		860066942	101	0			0				0		009
QPRF00004462_00028	QPRF00004462	0	51057240	C.C.F	32000	1		860066942	101	0			0				0		100
QPRF00004462_00029	QPRF00004462	0	51057240	C.C.F	33200	1		860066942	101	0			0				0		029
QPRF00004463_00033	QPRF00004463	0	51056940	EPS	498400	1		860066942	101	0			0				0		101
QPRF00004464_00034	QPRF00004464	0	72056940	EPS	25800	1		830003564	103	0			0				0		
QPRF00004465_00035	QPRF00004465	0	51056940	EPS	1331500	1		800251440	101	0			0				0		025
QPRF00004466_00036	QPRF00004466	0	51056940	EPS	523700	1		800088702	101	0			0				0		010
QPRF00004467_00037	QPRF00004467	0	51056803	ARP	13100	1		860002503	101	0			0				0		012
QPRF00004467_00038	QPRF00004467	0	52056803	ARP	87300	1		860002503	211	0			0				0		
QPRF00004467_00039	QPRF00004467	0	51056803	ARP	13900	1		860002503	101	0			0				0		027
QPRF00004467_00040	QPRF00004467	0	52056803	ARP	447841	1		860002503	102	0			0				0		
QPRF00004467_00041	QPRF00004467	0	51056803	ARP	3400	1		860002503	101	0			0				0		009
QPRF00004467_00042	QPRF00004467	0	51056803	ARP	32200	1		860002503	101	0			0				0		010
QPRF00004467_00043	QPRF00004467	0	72056803	ARP	158900	1		860002503	503	0			0				0		
QPRF00004467_00044	QPRF00004467	0	51056803	ARP	55700	1		860002503	101	0			0				0		100
QPRF00004467_00045	QPRF00004467	0	51056803	ARP	4300	1		860002503	101	0			0				0		029
QPRF00004467_00046	QPRF00004467	0	52056803	ARP	41200	1		860002503	214	0			0				0		
QPRF00004467_00047	QPRF00004467	0	51056803	ARP	45900	1		860002503	101	0			0				0		030
QPRF00004467_00048	QPRF00004467	0	51056803	ARP	15100	1		860002503	101	0			0				0		014
QPRF00004467_00049	QPRF00004467	0	72056803	ARP	294300	1		860002503	303	0			0				0		
QPRF00004467_00050	QPRF00004467	0	51056803	ARP	9800	1		860002503	101	0			0				0		018
QPRF00004467_00051	QPRF00004467	0	51056803	ARP	7800	1		860002503	101	0			0				0		022
QPRF00004467_00052	QPRF00004467	0	51056803	ARP	3600	1		860002503	301	0			0				0		301
QPRF00004467_00053	QPRF00004467	0	52056803	ARP	95200	1		860002503	206	0			0				0		
QPRF00004467_00054	QPRF00004467	0	51056803	ARP	6100	1		860002503	101	0			0				0		501
QPRF00004467_00055	QPRF00004467	0	72056803	ARP	44847	1		860002503	106	0			0				0		
QPRF00004467_00056	QPRF00004467	0	51056803	ARP	81800	1		860002503	101	0			0				0		025
QPRF00004467_00057	QPRF00004467	0	51056803	ARP	56500	1		860002503	101	0			0				0		101
QPRF00004467_00058	QPRF00004467	0	52056803	ARP	126900	1		860002503	302	0			0				0		
QPRF00004467_00059	QPRF00004467	0	72056803	ARP	738241	1		860002503	103	0			0				0		
QPRF00004467_00060	QPRF00004467	0	52056803	ARP	18400	1		860002503	502	0			0				0		
QPRF00004467_00061	QPRF00004467	0	51056803	ARP	40700	1		860002503	101	0			0				0		026
QPRF00004468_00063	QPRF00004468	0	51057040	AFP	103400	1		900336004	101	0			0				0		027
QPRF00004468_00062	QPRF00004468	0	51057040	AFP	180200	1		900336004	101	0			0				0		018
QPRF00004468_00069	QPRF00004468	0	72057040	AFP	77300	1		900336004	106	0			0				0		
QPRF00004468_00068	QPRF00004468	0	51057040	AFP	96000	1		900336004	101	0			0				0		100
QPRF00004468_00067	QPRF00004468	0	51057040	AFP	84000	1		900336004	101	0			0				0		012
QPRF00004468_00066	QPRF00004468	0	51057040	AFP	77300	1		900336004	101	0			0				0		009
QPRF00004468_00065	QPRF00004468	0	52057040	AFP	476000	1		900336004	102	0			0				0		
QPRF00004468_00064	QPRF00004468	0	72057040	AFP	285400	1		900336004	103	0			0				0		
QPRF00004469_00078	QPRF00004469	0	52057040	AFP	164200	1		800229739	206	0			0				0		
QPRF00004469_00079	QPRF00004469	0	51057040	AFP	82400	1		800229739	301	0			0				0		301
QPRF00004469_00077	QPRF00004469	0	51057040	AFP	171400	1		800229739	101	0			0				0		027
QPRF00004469_00076	QPRF00004469	0	72057040	AFP	886300	1		800229739	103	0			0				0		
QPRF00004469_00075	QPRF00004469	0	51057040	AFP	739400	1		800229739	101	0			0				0		010
QPRF00004469_00074	QPRF00004469	0	51057040	AFP	79800	1		800229739	101	0			0				0		018
QPRF00004469_00073	QPRF00004469	0	51057040	AFP	79200	1		800229739	101	0			0				0		030
QPRF00004469_00072	QPRF00004469	0	52057040	AFP	150600	1		800229739	211	0			0				0		
QPRF00004469_00071	QPRF00004469	0	72057040	AFP	247800	1		800229739	303	0			0				0		
QPRF00004469_00070	QPRF00004469	0	72057040	AFP	199000	1		800229739	503	0			0				0		
QPRF00004469_00080	QPRF00004469	0	51057040	AFP	192200	1		800229739	101	0			0				0		022
QPRF00004469_00083	QPRF00004469	0	51057040	AFP	84000	1		800229739	101	0			0				0		014
QPRF00004469_00082	QPRF00004469	0	52057040	AFP	543300	1		800229739	102	0			0				0		
QPRF00004469_00081	QPRF00004469	0	51057040	AFP	84400	1		800229739	101	0			0				0		501
QPRF00004470_00087	QPRF00004470	0	52057040	AFP	455900	1		800227940	102	0			0				0		
QPRF00004470_00086	QPRF00004470	0	52057040	AFP	423000	1		800227940	502	0			0				0		
QPRF00004470_00085	QPRF00004470	0	51057040	AFP	468000	1		800227940	101	0			0				0		026
QPRF00004470_00084	QPRF00004470	0	51057040	AFP	703600	1		800227940	101	0			0				0		101
QPRF00004470_00088	QPRF00004470	0	72057040	AFP	102800	1		800227940	303	0			0				0		
QPRF00004471_00094	QPRF00004471	0	51057040	AFP	180000	1		800224808	101	0			0				0		014
QPRF00004471_00097	QPRF00004471	0	52057040	AFP	581300	1		800224808	102	0			0				0		
QPRF00004471_00096	QPRF00004471	0	52057040	AFP	113600	1		800224808	214	0			0				0		
QPRF00004471_00095	QPRF00004471	0	51057040	AFP	216000	1		800224808	101	0			0				0		012
QPRF00004471_00093	QPRF00004471	0	52057040	AFP	218800	1		800224808	302	0			0				0		
QPRF00004471_00092	QPRF00004471	0	72057040	AFP	726900	1		800224808	103	0			0				0		
QPRF00004471_00098	QPRF00004471	0	51057040	AFP	99600	1		800224808	101	0			0				0		029
QPRF00004471_00090	QPRF00004471	0	51057040	AFP	419400	1		800224808	101	0			0				0		101
QPRF00004471_00089	QPRF00004471	0	72057040	AFP	316600	1		800224808	303	0			0				0		
QPRF00004471_00091	QPRF00004471	0	72057040	AFP	77300	1		800224808	503	0			0				0		
