QPRV00001258_00008	QPRV00001258	0	510533	190	4146	1		900428423	100	0			0				0		018
QPRV00001258_00007	QPRV00001258	0	520533	190	26224	1		900428423	103	0			0				0		
QPRV00001258_00006	QPRV00001258	0	510533	190	6070	1		900428423	099	0			0				0		151
QPRV00001258_00005	QPRV00001258	0	510533	190	53275	1		900428423	100	0			0				0		100
QPRV00001258_00009	QPRV00001258	0	520533	190	15917	1		900428423	201	0			0				0		
QPRV00001258_00003	QPRV00001258	0	520533	190	20512	1		900428423	501	0			0				0		
QPRV00001258_00002	QPRV00001258	0	520533	190	51018	1		900428423	001	0			0				0		
QPRV00001258_00001	QPRV00001258	0	510533	190	7233	1		900428423	100	0			0				0		009
QPRV00001258_00004	QPRV00001258	0	520533	190	7483	1		900428423	102	0			0				0		
QPRV00001259_00017	QPRV00001259	0	51053040	175	655010	1		900428423	100	0			0				0		100
QPRV00001259_00016	QPRV00001259	0	52053040	175	233839	1		900428423	501	0			0				0		
QPRV00001259_00015	QPRV00001259	0	52053040	175	301855	1		900428423	103	0			0				0		
QPRV00001259_00014	QPRV00001259	0	51053040	175	71020	1		900428423	099	0			0				0		151
QPRV00001259_00013	QPRV00001259	0	52053040	175	178764	1		900428423	201	0			0				0		
QPRV00001259_00012	QPRV00001259	0	52053040	175	677916	1		900428423	001	0			0				0		
QPRV00001259_00011	QPRV00001259	0	51053040	175	80961	1		900428423	100	0			0				0		009
QPRV00001259_00010	QPRV00001259	0	52053040	175	153678	1		900428423	102	0			0				0		
QPRV00001259_00018	QPRV00001259	0	51053040	175	61583	1		900428423	100	0			0				0		018
QPRV00001260_00019	QPRV00001260	0	510539	145	26848	1		900428423	099	0			0				0		151
QPRV00001260_00020	QPRV00001260	0	520539	145	84018	1		900428423	201	0			0				0		
QPRV00001260_00027	QPRV00001260	0	520539	145	380823	1		900428423	001	0			0				0		
QPRV00001260_00026	QPRV00001260	0	520539	145	69375	1		900428423	102	0			0				0		
QPRV00001260_00025	QPRV00001260	0	520539	145	175585	1		900428423	103	0			0				0		
QPRV00001260_00024	QPRV00001260	0	510539	145	386523	1		900428423	100	0			0				0		009
QPRV00001260_00023	QPRV00001260	0	510539	145	27708	1		900428423	100	0			0				0		018
QPRV00001260_00022	QPRV00001260	0	510539	145	636799	1		900428423	100	0			0				0		100
QPRV00001260_00021	QPRV00001260	0	520539	145	111415	1		900428423	501	0			0				0		
QPRV00001261_00028	QPRV00001261	0	510536	130	80961	1		900428423	100	0			0				0		009
QPRV00001261_00035	QPRV00001261	0	520536	130	153678	1		900428423	102	0			0				0		
QPRV00001261_00034	QPRV00001261	0	520536	130	178764	1		900428423	201	0			0				0		
QPRV00001261_00033	QPRV00001261	0	520536	130	302127	1		900428423	103	0			0				0		
QPRV00001261_00036	QPRV00001261	0	520536	130	677916	1		900428423	001	0			0				0		
QPRV00001261_00031	QPRV00001261	0	510536	130	61583	1		900428423	100	0			0				0		018
QPRV00001261_00030	QPRV00001261	0	520536	130	233839	1		900428423	501	0			0				0		
QPRV00001261_00029	QPRV00001261	0	510536	130	655010	1		900428423	100	0			0				0		100
QPRV00001261_00032	QPRV00001261	0	510536	130	71020	1		900428423	099	0			0				0		151
