QPRV00001282_00004	QPRV00001282	0	52054501	503	372950	1		900428423	201	0			0				0		
QPRV00001282_00003	QPRV00001282	0	52054501	503	780250	1		900428423	103	0			0				0		
QPRV00001282_00010	QPRV00001282	0	261095	503	780250	2		900428423	103	0			0				0		
QPRV00001282_00009	QPRV00001282	0	52054501	503	481000	1		900428423	102	0			0				0		
QPRV00001282_00008	QPRV00001282	0	52054501	503	586600	1		900428423	501	0			0				0		
QPRV00001282_00007	QPRV00001282	0	261095	503	1230050	2		900428423	001	0			0				0		
QPRV00001282_00006	QPRV00001282	0	261095	503	481000	2		900428423	102	0			0				0		
QPRV00001282_00005	QPRV00001282	0	261095	503	372950	2		900428423	201	0			0				0		
QPRV00001282_00001	QPRV00001282	0	52054501	503	1230050	1		900428423	001	0			0				0		
QPRV00001282_00002	QPRV00001282	0	261095	503	586600	2		900428423	501	0			0				0		
QPRV00001283_00018	QPRV00001283	0	510533	190	13971	1		900428423	099	0			0				0		103
QPRV00001283_00017	QPRV00001283	0	510533	190	10297	1		900428423	100	0			0				0		018
QPRV00001283_00016	QPRV00001283	0	520533	190	81795	1		900428423	001	0			0				0		
QPRV00001283_00015	QPRV00001283	0	520533	190	15076	1		900428423	102	0			0				0		
QPRV00001283_00019	QPRV00001283	0	520533	190	29198	1		900428423	201	0			0				0		
QPRV00001283_00013	QPRV00001283	0	520533	190	42943	1		900428423	501	0			0				0		
QPRV00001283_00012	QPRV00001283	0	520533	190	53644	1		900428423	103	0			0				0		
QPRV00001283_00011	QPRV00001283	0	510533	190	92428	1		900428423	100	0			0				0		100
QPRV00001283_00014	QPRV00001283	0	510533	190	15133	1		900428423	093	0			0				0		011
QPRV00001284_00023	QPRV00001284	0	51053040	175	71791	1		900428423	099	0			0				0		103
QPRV00001284_00022	QPRV00001284	0	52053040	175	280423	1		900428423	501	0			0				0		
QPRV00001284_00021	QPRV00001284	0	52053040	175	140616	1		900428423	102	0			0				0		
QPRV00001284_00020	QPRV00001284	0	52053040	175	284031	1		900428423	103	0			0				0		
QPRV00001284_00024	QPRV00001284	0	51053040	175	61584	1		900428423	100	0			0				0		018
QPRV00001284_00028	QPRV00001284	0	51053040	175	470225	1		900428423	100	0			0				0		100
QPRV00001284_00027	QPRV00001284	0	52053040	175	162293	1		900428423	201	0			0				0		
QPRV00001284_00026	QPRV00001284	0	51053040	175	89294	1		900428423	093	0			0				0		011
QPRV00001284_00025	QPRV00001284	0	52053040	175	402597	1		900428423	001	0			0				0		
QPRV00001285_00029	QPRV00001285	0	510539	145	349023	1		900428423	093	0			0				0		020
QPRV00001285_00030	QPRV00001285	0	520539	145	129977	1		900428423	501	0			0				0		
QPRV00001285_00038	QPRV00001285	0	510539	145	415916	1		900428423	100	0			0				0		100
QPRV00001285_00037	QPRV00001285	0	520539	145	67828	1		900428423	102	0			0				0		
QPRV00001285_00036	QPRV00001285	0	520539	145	98939	1		900428423	201	0			0				0		
QPRV00001285_00035	QPRV00001285	0	510539	145	41667	1		900428423	093	0			0				0		011
QPRV00001285_00034	QPRV00001285	0	510539	145	29185	1		900428423	099	0			0				0		103
QPRV00001285_00033	QPRV00001285	0	510539	145	27708	1		900428423	100	0			0				0		018
QPRV00001285_00032	QPRV00001285	0	520539	145	138625	1		900428423	001	0			0				0		
QPRV00001285_00031	QPRV00001285	0	520539	145	151636	1		900428423	103	0			0				0		
QPRV00001286_00043	QPRV00001286	0	520536	130	135656	1		900428423	102	0			0				0		
QPRV00001286_00044	QPRV00001286	0	520536	130	284064	1		900428423	103	0			0				0		
QPRV00001286_00045	QPRV00001286	0	520536	130	162294	1		900428423	201	0			0				0		
QPRV00001286_00046	QPRV00001286	0	510536	130	470225	1		900428423	100	0			0				0		100
QPRV00001286_00047	QPRV00001286	0	510536	130	71791	1		900428423	099	0			0				0		103
QPRV00001286_00041	QPRV00001286	0	510536	130	89294	1		900428423	093	0			0				0		011
QPRV00001286_00040	QPRV00001286	0	520536	130	414035	1		900428423	501	0			0				0		
QPRV00001286_00039	QPRV00001286	0	510536	130	61584	1		900428423	100	0			0				0		018
QPRV00001286_00042	QPRV00001286	0	520536	130	402594	1		900428423	001	0			0				0		
