QPRF00000644_00001	QPRF00000644	0	51057040	SOLID	100	1		800224808	100	0			0				0		100
QPRF00000645_00002	QPRF00000645	0	51057240	I.C.B.F	175900	1		899999239	093	0			0				0		020
QPRF00000646_00003	QPRF00000646	0	51057240	SENA	117300	1		899999034	093	0			0				0		020
QPRF00000647_00004	QPRF00000647	0	52057240	C.C.F	104000	1		890303208	201	0			0				0		
QPRF00000648_00005	QPRF00000648	0	52057240	C.C.F	111900	1		890201578	103	0			0				0		
QPRF00000649_00006	QPRF00000649	0	52057240	C.C.F	123200	1		890101994	501	0			0				0		
QPRF00000650_00007	QPRF00000650	0	51057240	C.C.F	224400	1		860066942	100	0			0				0		100
QPRF00000650_00008	QPRF00000650	0	52057240	C.C.F	189500	1		860066942	001	0			0				0		
QPRF00000650_00013	QPRF00000650	0	51057240	C.C.F	38700	1		860066942	093	0			0				0		011
QPRF00000650_00012	QPRF00000650	0	52057240	C.C.F	65100	1		860066942	102	0			0				0		
QPRF00000650_00009	QPRF00000650	0	51057240	C.C.F	234600	1		860066942	093	0			0				0		020
QPRF00000650_00010	QPRF00000650	0	51057240	C.C.F	26600	1		860066942	100	0			0				0		018
QPRF00000650_00011	QPRF00000650	0	51057240	C.C.F	31500	1		860066942	099	0			0				0		103
QPRF00000651_00014	QPRF00000651	0	51056940	EPS	498400	1		860066942	093	0			0				0		020
QPRF00000652_00015	QPRF00000652	0	51056940	EPS	80544	1		800130907	093	0			0				0		021
QPRF00000653_00016	QPRF00000653	0	52056940	EPS	100	1		800088702	001	0			0				0		
QPRF00000654_00019	QPRF00000654	0	52056803	ARP	40800	1		860002503	001	0			0				0		
QPRF00000654_00018	QPRF00000654	0	52056803	ARP	176228	1		860002503	501	0			0				0		
QPRF00000654_00017	QPRF00000654	0	51056803	ARP	8200	1		860002503	099	0			0				0		103
QPRF00000654_00020	QPRF00000654	0	51056803	ARP	51200	1		860002503	100	0			0				0		100
QPRF00000654_00026	QPRF00000654	0	51056803	ARP	5000	1		860002503	093	0			0				0		011
QPRF00000654_00025	QPRF00000654	0	52056803	ARP	68500	1		860002503	103	0			0				0		
QPRF00000654_00024	QPRF00000654	0	51056803	ARP	30600	1		860002503	093	0			0				0		020
QPRF00000654_00023	QPRF00000654	0	52056803	ARP	113300	1		860002503	102	0			0				0		
QPRF00000654_00022	QPRF00000654	0	52056803	ARP	116800	1		860002503	201	0			0				0		
QPRF00000654_00021	QPRF00000654	0	51056803	ARP	3500	1		860002503	100	0			0				0		018
QPRF00000655_00027	QPRF00000655	0	52057040	AFP	85800	1		900336004	501	0			0				0		
QPRF00000656_00028	QPRF00000656	0	52057040	AFP	407700	1		800229739	001	0			0				0		
QPRF00000657_00031	QPRF00000657	0	51057040	AFP	94400	1		800227940	099	0			0				0		103
QPRF00000657_00030	QPRF00000657	0	52057040	AFP	77300	1		800227940	501	0			0				0		
QPRF00000657_00029	QPRF00000657	0	52057040	AFP	161400	1		800227940	001	0			0				0		
QPRF00000658_00034	QPRF00000658	0	51057040	AFP	79800	1		800224808	100	0			0				0		018
QPRF00000658_00033	QPRF00000658	0	52057040	AFP	206400	1		800224808	501	0			0				0		
QPRF00000658_00035	QPRF00000658	0	51057040	AFP	703600	1		800224808	093	0			0				0		020
QPRF00000658_00036	QPRF00000658	0	52057040	AFP	308300	1		800224808	201	0			0				0		
QPRF00000658_00037	QPRF00000658	0	52057040	AFP	195400	1		800224808	102	0			0				0		
QPRF00000658_00039	QPRF00000658	0	51057040	AFP	120000	1		800224808	093	0			0				0		011
QPRF00000658_00032	QPRF00000658	0	51057040	AFP	673400	1		800224808	100	0			0				0		100
QPRF00000658_00038	QPRF00000658	0	52057040	AFP	395000	1		800224808	103	0			0				0		
