QPRV00023668_00001	QPRV00023668	0	510533	190	45876	1		832004104	93	0			0				0		10
QPRV00023668_00038	QPRV00023668	0	510533	190	47992	1		832004104	98	0			0				0		104
QPRV00023668_00003	QPRV00023668	0	520533	190	89342	1		832004104	701	0			0				0		
QPRV00023668_00004	QPRV00023668	0	520533	190	65754	1		832004104	210	0			0				0		
QPRV00023668_00005	QPRV00023668	0	510533	190	6306	1		832004104	96	0			0				0		1
QPRV00023668_00006	QPRV00023668	0	520533	190	59496	1		832004104	511	0			0				0		
QPRV00023668_00007	QPRV00023668	0	510533	190	57639	1		832004104	93	0			0				0		14
QPRV00023668_00008	QPRV00023668	0	510533	190	2112	1		832004104	98	0			0				0		510
QPRV00023668_00009	QPRV00023668	0	520533	190	30712	1		832004104	201	0			0				0		
QPRV00023668_00010	QPRV00023668	0	510533	190	33767	1		832004104	98	0			0				0		410
QPRV00023668_00011	QPRV00023668	0	510533	190	10120	1		832004104	93	0			0				0		18
QPRV00023668_00012	QPRV00023668	0	510533	190	12	1		832004104	99	0			0				0		100
QPRV00023668_00013	QPRV00023668	0	520533	190	167198	1		832004104	510	0			0				0		
QPRV00023668_00014	QPRV00023668	0	520533	190	36269	1		832004104	702	0			0				0		
QPRV00023668_00015	QPRV00023668	0	510533	190	16755	1		832004104	99	0			0				0		999
QPRV00023668_00016	QPRV00023668	0	510533	190	29625	1		832004104	98	0			0				0		109
QPRV00023668_00017	QPRV00023668	0	510533	190	14672	1		832004104	93	0			0				0		29
QPRV00023668_00018	QPRV00023668	0	510533	190	22370	1		832004104	100	0			0				0		27
QPRV00023668_00019	QPRV00023668	0	510533	190	86025	1		832004104	100	0			0				0		28
QPRV00023668_00020	QPRV00023668	0	520533	190	22952	1		832004104	721	0			0				0		
QPRV00023668_00021	QPRV00023668	0	520533	190	60811	1		832004104	410	0			0				0		
QPRV00023668_00022	QPRV00023668	0	510533	190	46136	1		832004104	93	0			0				0		17
QPRV00023668_00023	QPRV00023668	0	520533	190	56034	1		832004104	512	0			0				0		
QPRV00023668_00024	QPRV00023668	0	510533	190	80082	1		832004104	98	0			0				0		151
QPRV00023668_00025	QPRV00023668	0	510533	190	14941	1		832004104	98	0			0				0		620
QPRV00023668_00026	QPRV00023668	0	510533	190	46038	1		832004104	98	0			0				0		501
QPRV00023668_00027	QPRV00023668	0	520533	190	5755	1		832004104	103	0			0				0		
QPRV00023668_00028	QPRV00023668	0	510533	190	57893	1		832004104	93	0			0				0		11
QPRV00023668_00029	QPRV00023668	0	510533	190	21905	1		832004104	98	0			0				0		201
QPRV00023668_00030	QPRV00023668	0	510533	190	8983	1		832004104	93	0			0				0		25
QPRV00023668_00031	QPRV00023668	0	510533	190	43153	1		832004104	93	0			0				0		12
QPRV00023668_00032	QPRV00023668	0	520533	190	45534	1		832004104	151	0			0				0		
QPRV00023668_00033	QPRV00023668	0	510533	190	7868	1		832004104	93	0			0				0		9
QPRV00023668_00034	QPRV00023668	0	510533	190	8155	1		832004104	96	0			0				0		102
QPRV00023668_00035	QPRV00023668	0	510533	190	44876	1		832004104	98	0			0				0		701
QPRV00023668_00036	QPRV00023668	0	510533	190	84	1		832004104	99	0			0				0		900
QPRV00023668_00037	QPRV00023668	0	520533	190	147992	1		832004104	501	0			0				0		
QPRV00023668_00002	QPRV00023668	0	510533	190	19861	1		832004104	98	0			0				0		102
QPRV00023669_00065	QPRV00023669	0	51053040	175	463333	1		832004104	93	0			0				0		11
QPRV00023669_00066	QPRV00023669	0	51053040	175	77057	1		832004104	98	0			0				0		510
QPRV00023669_00067	QPRV00023669	0	52053040	175	336858	1		832004104	702	0			0				0		
QPRV00023669_00068	QPRV00023669	0	51053040	175	368658	1		832004104	93	0			0				0		10
QPRV00023669_00069	QPRV00023669	0	51053040	175	600487	1		832004104	98	0			0				0		151
QPRV00023669_00070	QPRV00023669	0	51053040	175	237864	1		832004104	99	0			0				0		999
QPRV00023669_00071	QPRV00023669	0	51053040	175	35918	1		832004104	99	0			0				0		900
QPRV00023669_00072	QPRV00023669	0	51053040	175	724749	1		832004104	100	0			0				0		28
QPRV00023669_00073	QPRV00023669	0	51053040	175	85548	1		832004104	93	0			0				0		9
QPRV00023669_00074	QPRV00023669	0	51053040	175	197743	1		832004104	100	0			0				0		27
QPRV00023669_00075	QPRV00023669	0	52053040	175	211189	1		832004104	721	0			0				0		
QPRV00023669_00076	QPRV00023669	0	51053040	175	113000	1		832004104	93	0			0				0		29
QPRV00023669_00039	QPRV00023669	0	51053040	175	379458	1		832004104	98	0			0				0		501
QPRV00023669_00040	QPRV00023669	0	52053040	175	463135	1		832004104	511	0			0				0		
QPRV00023669_00041	QPRV00023669	0	52053040	175	396896	1		832004104	151	0			0				0		
QPRV00023669_00042	QPRV00023669	0	51053040	175	186804	1		832004104	98	0			0				0		201
QPRV00023669_00043	QPRV00023669	0	52053040	175	1489328	1		832004104	510	0			0				0		
QPRV00023669_00044	QPRV00023669	0	52053040	175	492180	1		832004104	210	0			0				0		
QPRV00023669_00045	QPRV00023669	0	51053040	175	443299	1		832004104	93	0			0				0		14
QPRV00023669_00046	QPRV00023669	0	51053040	175	1116416	1		832004104	93	0			0				0		17
QPRV00023669_00047	QPRV00023669	0	51053040	175	66687	1		832004104	96	0			0				0		1
QPRV00023669_00048	QPRV00023669	0	51053040	175	108133	1		832004104	98	0			0				0		620
QPRV00023669_00049	QPRV00023669	0	51053040	175	11667	1		832004104	99	0			0				0		100
QPRV00023669_00050	QPRV00023669	0	51053040	175	304574	1		832004104	98	0			0				0		701
QPRV00023669_00051	QPRV00023669	0	52053040	175	139191	1		832004104	103	0			0				0		
QPRV00023669_00052	QPRV00023669	0	51053040	175	333446	1		832004104	93	0			0				0		12
QPRV00023669_00053	QPRV00023669	0	51053040	175	62628	1		832004104	96	0			0				0		102
QPRV00023669_00054	QPRV00023669	0	51053040	175	168307	1		832004104	98	0			0				0		102
QPRV00023669_00055	QPRV00023669	0	51053040	175	81167	1		832004104	93	0			0				0		25
QPRV00023669_00056	QPRV00023669	0	52053040	175	434567	1		832004104	512	0			0				0		
QPRV00023669_00057	QPRV00023669	0	51053040	175	241231	1		832004104	98	0			0				0		109
QPRV00023669_00058	QPRV00023669	0	52053040	175	465669	1		832004104	410	0			0				0		
QPRV00023669_00059	QPRV00023669	0	51053040	175	77877	1		832004104	93	0			0				0		18
QPRV00023669_00060	QPRV00023669	0	52053040	175	1254785	1		832004104	501	0			0				0		
QPRV00023669_00061	QPRV00023669	0	52053040	175	624220	1		832004104	701	0			0				0		
QPRV00023669_00062	QPRV00023669	0	52053040	175	240905	1		832004104	201	0			0				0		
QPRV00023669_00063	QPRV00023669	0	51053040	175	224704	1		832004104	98	0			0				0		410
QPRV00023669_00064	QPRV00023669	0	51053040	175	392795	1		832004104	98	0			0				0		104
QPRV00023670_00077	QPRV00023670	0	510539	145	97227	1		832004104	98	0			0				0		201
QPRV00023670_00078	QPRV00023670	0	510539	145	78776	1		832004104	99	0			0				0		999
QPRV00023670_00079	QPRV00023670	0	520539	145	390901	1		832004104	501	0			0				0		
QPRV00023670_00080	QPRV00023670	0	510539	145	209000	1		832004104	93	0			0				0		12
QPRV00023670_00081	QPRV00023670	0	510539	145	342917	1		832004104	93	0			0				0		10
QPRV00023670_00082	QPRV00023670	0	510539	145	182459	1		832004104	93	0			0				0		14
QPRV00023670_00083	QPRV00023670	0	510539	145	88136	1		832004104	98	0			0				0		109
QPRV00023670_00084	QPRV00023670	0	510539	145	35445	1		832004104	98	0			0				0		510
QPRV00023670_00085	QPRV00023670	0	520539	145	312930	1		832004104	701	0			0				0		
QPRV00023670_00086	QPRV00023670	0	520539	145	170705	1		832004104	512	0			0				0		
QPRV00023670_00087	QPRV00023670	0	520539	145	282429	1		832004104	151	0			0				0		
QPRV00023670_00088	QPRV00023670	0	510539	145	102178	1		832004104	98	0			0				0		620
QPRV00023670_00089	QPRV00023670	0	520539	145	878118	1		832004104	510	0			0				0		
QPRV00023670_00090	QPRV00023670	0	510539	145	35959	1		832004104	93	0			0				0		18
QPRV00023670_00091	QPRV00023670	0	510539	145	57250	1		832004104	100	0			0				0		27
QPRV00023670_00092	QPRV00023670	0	510539	145	53416	1		832004104	93	0			0				0		29
QPRV00023670_00093	QPRV00023670	0	510539	145	133917	1		832004104	93	0			0				0		9
QPRV00023670_00094	QPRV00023670	0	510539	145	196874	1		832004104	98	0			0				0		501
QPRV00023670_00095	QPRV00023670	0	520539	145	62704	1		832004104	721	0			0				0		
QPRV00023670_00096	QPRV00023670	0	520539	145	248801	1		832004104	511	0			0				0		
QPRV00023670_00097	QPRV00023670	0	510539	145	795915	1		832004104	100	0			0				0		28
QPRV00023670_00098	QPRV00023670	0	510539	145	216578	1		832004104	98	0			0				0		104
QPRV00023670_00099	QPRV00023670	0	510539	145	5833	1		832004104	99	0			0				0		100
QPRV00023670_00100	QPRV00023670	0	520539	145	117908	1		832004104	201	0			0				0		
QPRV00023670_00101	QPRV00023670	0	520539	145	316508	1		832004104	210	0			0				0		
QPRV00023670_00102	QPRV00023670	0	510539	145	16109	1		832004104	99	0			0				0		900
QPRV00023670_00103	QPRV00023670	0	510539	145	219333	1		832004104	93	0			0				0		11
QPRV00023670_00104	QPRV00023670	0	510539	145	347725	1		832004104	98	0			0				0		151
QPRV00023670_00105	QPRV00023670	0	520539	145	150892	1		832004104	410	0			0				0		
QPRV00023670_00106	QPRV00023670	0	510539	145	121792	1		832004104	98	0			0				0		410
QPRV00023670_00107	QPRV00023670	0	510539	145	233821	1		832004104	93	0			0				0		17
QPRV00023670_00108	QPRV00023670	0	510539	145	28340	1		832004104	96	0			0				0		102
QPRV00023670_00109	QPRV00023670	0	510539	145	143925	1		832004104	98	0			0				0		102
QPRV00023670_00110	QPRV00023670	0	510539	145	37500	1		832004104	93	0			0				0		25
QPRV00023670_00111	QPRV00023670	0	520539	145	66713	1		832004104	103	0			0				0		
QPRV00023670_00112	QPRV00023670	0	520539	145	159358	1		832004104	702	0			0				0		
QPRV00023670_00113	QPRV00023670	0	510539	145	376018	1		832004104	98	0			0				0		701
QPRV00023670_00114	QPRV00023670	0	510539	145	26848	1		832004104	96	0			0				0		1
QPRV00023671_00115	QPRV00023671	0	510536	130	304574	1		832004104	98	0			0				0		701
QPRV00023671_00152	QPRV00023671	0	510536	130	224704	1		832004104	98	0			0				0		410
QPRV00023671_00117	QPRV00023671	0	510536	130	241261	1		832004104	98	0			0				0		109
QPRV00023671_00118	QPRV00023671	0	510536	130	463333	1		832004104	93	0			0				0		11
QPRV00023671_00119	QPRV00023671	0	510536	130	186805	1		832004104	98	0			0				0		201
QPRV00023671_00120	QPRV00023671	0	510536	130	368794	1		832004104	93	0			0				0		10
QPRV00023671_00121	QPRV00023671	0	510536	130	379455	1		832004104	98	0			0				0		501
QPRV00023671_00122	QPRV00023671	0	510536	130	66686	1		832004104	96	0			0				0		1
QPRV00023671_00123	QPRV00023671	0	520536	130	492180	1		832004104	210	0			0				0		
QPRV00023671_00124	QPRV00023671	0	520536	130	498318	1		832004104	512	0			0				0		
QPRV00023671_00125	QPRV00023671	0	520536	130	465671	1		832004104	410	0			0				0		
QPRV00023671_00126	QPRV00023671	0	510536	130	168307	1		832004104	98	0			0				0		102
QPRV00023671_00127	QPRV00023671	0	510536	130	600479	1		832004104	98	0			0				0		151
QPRV00023671_00128	QPRV00023671	0	510536	130	77878	1		832004104	93	0			0				0		18
QPRV00023671_00129	QPRV00023671	0	510536	130	85548	1		832004104	93	0			0				0		9
QPRV00023671_00130	QPRV00023671	0	510536	130	11667	1		832004104	99	0			0				0		100
QPRV00023671_00131	QPRV00023671	0	510536	130	113000	1		832004104	93	0			0				0		29
QPRV00023671_00132	QPRV00023671	0	520536	130	1254789	1		832004104	501	0			0				0		
QPRV00023671_00133	QPRV00023671	0	520536	130	1489271	1		832004104	510	0			0				0		
QPRV00023671_00134	QPRV00023671	0	510536	130	81167	1		832004104	93	0			0				0		25
QPRV00023671_00135	QPRV00023671	0	510536	130	392795	1		832004104	98	0			0				0		104
QPRV00023671_00136	QPRV00023671	0	520536	130	140283	1		832004104	103	0			0				0		
QPRV00023671_00137	QPRV00023671	0	520536	130	211190	1		832004104	721	0			0				0		
QPRV00023671_00138	QPRV00023671	0	510536	130	108133	1		832004104	98	0			0				0		620
QPRV00023671_00139	QPRV00023671	0	510536	130	62628	1		832004104	96	0			0				0		102
QPRV00023671_00140	QPRV00023671	0	520536	130	240910	1		832004104	201	0			0				0		
QPRV00023671_00141	QPRV00023671	0	510536	130	197743	1		832004104	100	0			0				0		27
QPRV00023671_00142	QPRV00023671	0	520536	130	336047	1		832004104	702	0			0				0		
QPRV00023671_00143	QPRV00023671	0	510536	130	237864	1		832004104	99	0			0				0		999
QPRV00023671_00144	QPRV00023671	0	520536	130	463742	1		832004104	511	0			0				0		
QPRV00023671_00145	QPRV00023671	0	510536	130	384416	1		832004104	93	0			0				0		17
QPRV00023671_00146	QPRV00023671	0	520536	130	624220	1		832004104	701	0			0				0		
QPRV00023671_00147	QPRV00023671	0	510536	130	35918	1		832004104	99	0			0				0		900
QPRV00023671_00148	QPRV00023671	0	520536	130	396772	1		832004104	151	0			0				0		
QPRV00023671_00149	QPRV00023671	0	510536	130	333445	1		832004104	93	0			0				0		12
QPRV00023671_00150	QPRV00023671	0	510536	130	707250	1		832004104	100	0			0				0		28
QPRV00023671_00151	QPRV00023671	0	510536	130	443299	1		832004104	93	0			0				0		14
QPRV00023671_00116	QPRV00023671	0	510536	130	77057	1		832004104	98	0			0				0		510
