QPRV00023676_00001	QPRV00023676	0	510533	190	57331	1		832004104	093	0			0				0		017
QPRV00023676_00040	QPRV00023676	0	520533	190	41756	1		832004104	201	0			0				0		
QPRV00023676_00003	QPRV00023676	0	520533	190	869	1		832004104	103	0			0				0		
QPRV00023676_00004	QPRV00023676	0	520533	190	81187	1		832004104	410	0			0				0		
QPRV00023676_00005	QPRV00023676	0	510533	190	25103	1		832004104	098	0			0				0		501
QPRV00023676_00006	QPRV00023676	0	520533	190	56770	1		832004104	512	0			0				0		
QPRV00023676_00007	QPRV00023676	0	510533	190	55948	1		832004104	098	0			0				0		104
QPRV00023676_00008	QPRV00023676	0	510533	190	30802	1		832004104	098	0			0				0		201
QPRV00023676_00009	QPRV00023676	0	510533	190	58033	1		832004104	093	0			0				0		012
QPRV00023676_00010	QPRV00023676	0	510533	190	39168	1		832004104	093	0			0				0		018
QPRV00023676_00011	QPRV00023676	0	510533	190	76851	1		832004104	093	0			0				0		014
QPRV00023676_00012	QPRV00023676	0	510533	190	3733	1		832004104	099	0			0				0		100
QPRV00023676_00013	QPRV00023676	0	510533	190	10583	1		832004104	096	0			0				0		102
QPRV00023676_00014	QPRV00023676	0	510533	190	8912	1		832004104	096	0			0				0		001
QPRV00023676_00015	QPRV00023676	0	520533	190	53071	2		832004104	501	0			0				0		
QPRV00023676_00016	QPRV00023676	0	510533	190	7460	1		832004104	098	0			0				0		510
QPRV00023676_00017	QPRV00023676	0	520533	190	132822	1		832004104	701	0			0				0		
QPRV00023676_00018	QPRV00023676	0	510533	190	30774	1		832004104	100	0			0				0		027
QPRV00023676_00019	QPRV00023676	0	510533	190	44803	1		832004104	098	0			0				0		410
QPRV00023676_00020	QPRV00023676	0	510533	190	81418	1		832004104	093	0			0				0		011
QPRV00023676_00021	QPRV00023676	0	510533	190	68478	1		832004104	100	0			0				0		028
QPRV00023676_00022	QPRV00023676	0	510533	190	46779	1		832004104	099	0			0				0		999
QPRV00023676_00023	QPRV00023676	0	520533	190	22771	1		832004104	503	0			0				0		
QPRV00023676_00024	QPRV00023676	0	510533	190	36040	1		832004104	098	0			0				0		109
QPRV00023676_00025	QPRV00023676	0	510533	190	24811	1		832004104	098	0			0				0		102
QPRV00023676_00026	QPRV00023676	0	520533	190	65697	1		832004104	702	0			0				0		
QPRV00023676_00027	QPRV00023676	0	510533	190	60645	1		832004104	093	0			0				0		010
QPRV00023676_00028	QPRV00023676	0	510533	190	10177	1		832004104	093	0			0				0		009
QPRV00023676_00029	QPRV00023676	0	510533	190	12227	1		832004104	093	0			0				0		025
QPRV00023676_00030	QPRV00023676	0	520533	190	234675	1		832004104	510	0			0				0		
QPRV00023676_00031	QPRV00023676	0	510533	190	601	1		832004104	099	0			0				0		900
QPRV00023676_00032	QPRV00023676	0	520533	190	16487	1		832004104	721	0			0				0		
QPRV00023676_00033	QPRV00023676	0	510533	190	35063	1		832004104	093	0			0				0		029
QPRV00023676_00034	QPRV00023676	0	520533	190	75634	1		832004104	511	0			0				0		
QPRV00023676_00035	QPRV00023676	0	510533	190	129791	1		832004104	098	0			0				0		151
QPRV00023676_00036	QPRV00023676	0	520533	190	188157	1		832004104	501	0			0				0		
QPRV00023676_00037	QPRV00023676	0	510533	190	61266	1		832004104	098	0			0				0		701
QPRV00023676_00038	QPRV00023676	0	520533	190	88903	1		832004104	210	0			0				0		
QPRV00023676_00039	QPRV00023676	0	520533	190	75148	1		832004104	151	0			0				0		
QPRV00023676_00002	QPRV00023676	0	510533	190	19414	1		832004104	098	0			0				0		620
QPRV00023677_00041	QPRV00023677	0	51053040	175	518834	1		832004104	093	0			0				0		011
QPRV00023677_00080	QPRV00023677	0	51053040	175	956522	1		832004104	098	0			0				0		151
QPRV00023677_00043	QPRV00023677	0	51053040	175	137733	1		832004104	099	0			0				0		900
QPRV00023677_00044	QPRV00023677	0	51053040	175	239872	1		832004104	098	0			0				0		410
QPRV00023677_00045	QPRV00023677	0	52053040	175	1632742	1		832004104	510	0			0				0		
QPRV00023677_00046	QPRV00023677	0	51053040	175	207530	1		832004104	098	0			0				0		109
QPRV00023677_00047	QPRV00023677	0	51053040	175	215000	1		832004104	093	0			0				0		029
QPRV00023677_00048	QPRV00023677	0	51053040	175	368900	1		832004104	093	0			0				0		010
QPRV00023677_00049	QPRV00023677	0	51053040	175	655834	1		832004104	100	0			0				0		028
QPRV00023677_00050	QPRV00023677	0	51053040	175	211795	1		832004104	093	0			0				0		018
QPRV00023677_00051	QPRV00023677	0	51053040	175	81166	1		832004104	093	0			0				0		025
QPRV00023677_00052	QPRV00023677	0	52053040	175	144103	1		832004104	503	0			0				0		
QPRV00023677_00053	QPRV00023677	0	51053040	175	394413	1		832004104	093	0			0				0		012
QPRV00023677_00054	QPRV00023677	0	51053040	175	107552	1		832004104	098	0			0				0		620
QPRV00023677_00055	QPRV00023677	0	52053040	175	385593	1		832004104	512	0			0				0		
QPRV00023677_00056	QPRV00023677	0	51053040	175	204078	1		832004104	100	0			0				0		027
QPRV00023677_00057	QPRV00023677	0	51053040	175	353182	1		832004104	098	0			0				0		701
QPRV00023677_00058	QPRV00023677	0	52053040	175	432159	1		832004104	511	0			0				0		
QPRV00023677_00059	QPRV00023677	0	51053040	175	200339	1		832004104	098	0			0				0		201
QPRV00023677_00060	QPRV00023677	0	52053040	175	40566	1		832004104	103	0			0				0		
QPRV00023677_00061	QPRV00023677	0	51053040	175	370809	1		832004104	098	0			0				0		104
QPRV00023677_00062	QPRV00023677	0	52053040	175	1146751	1		832004104	501	0			0				0		
QPRV00023677_00063	QPRV00023677	0	52053040	175	798098	1		832004104	701	0			0				0		
QPRV00023677_00064	QPRV00023677	0	51053040	175	553512	1		832004104	099	0			0				0		999
QPRV00023677_00065	QPRV00023677	0	52053040	175	256212	1		832004104	201	0			0				0		
QPRV00023677_00066	QPRV00023677	0	51053040	175	346818	1		832004104	098	0			0				0		501
QPRV00023677_00067	QPRV00023677	0	51053040	175	62011	1		832004104	096	0			0				0		102
QPRV00023677_00068	QPRV00023677	0	52053040	175	596080	1		832004104	151	0			0				0		
QPRV00023677_00069	QPRV00023677	0	51053040	175	371685	1		832004104	093	0			0				0		017
QPRV00023677_00070	QPRV00023677	0	51053040	175	59863	1		832004104	093	0			0				0		009
QPRV00023677_00071	QPRV00023677	0	51053040	175	452249	1		832004104	093	0			0				0		014
QPRV00023677_00072	QPRV00023677	0	51053040	175	125629	1		832004104	098	0			0				0		510
QPRV00023677_00073	QPRV00023677	0	51053040	175	65847	1		832004104	096	0			0				0		001
QPRV00023677_00074	QPRV00023677	0	52053040	175	521977	1		832004104	210	0			0				0		
QPRV00023677_00075	QPRV00023677	0	52053040	175	158143	1		832004104	721	0			0				0		
QPRV00023677_00076	QPRV00023677	0	51053040	175	116667	1		832004104	099	0			0				0		100
QPRV00023677_00077	QPRV00023677	0	51053040	175	153418	1		832004104	098	0			0				0		102
QPRV00023677_00078	QPRV00023677	0	52053040	175	851405	2		832004104	501	0			0				0		
QPRV00023677_00079	QPRV00023677	0	52053040	175	596690	1		832004104	702	0			0				0		
QPRV00023677_00042	QPRV00023677	0	52053040	175	488574	1		832004104	410	0			0				0		
QPRV00023678_00081	QPRV00023678	0	510539	145	180138	1		832004104	093	0			0				0		017
QPRV00023678_00082	QPRV00023678	0	510539	145	62815	1		832004104	098	0			0				0		510
QPRV00023678_00083	QPRV00023678	0	510539	145	60010	1		832004104	098	0			0				0		501
QPRV00023678_00084	QPRV00023678	0	520539	145	169269	1		832004104	512	0			0				0		
QPRV00023678_00085	QPRV00023678	0	510539	145	536627	1		832004104	098	0			0				0		151
QPRV00023678_00086	QPRV00023678	0	510539	145	57250	1		832004104	100	0			0				0		027
QPRV00023678_00087	QPRV00023678	0	510539	145	644332	1		832004104	100	0			0				0		028
QPRV00023678_00088	QPRV00023678	0	520539	145	178635	1		832004104	511	0			0				0		
QPRV00023678_00089	QPRV00023678	0	510539	145	26848	1		832004104	093	0			0				0		009
QPRV00023678_00090	QPRV00023678	0	510539	145	213569	1		832004104	093	0			0				0		014
QPRV00023678_00091	QPRV00023678	0	510539	145	181083	1		832004104	093	0			0				0		012
QPRV00023678_00092	QPRV00023678	0	510539	145	61611	1		832004104	099	0			0				0		900
QPRV00023678_00093	QPRV00023678	0	520539	145	520002	1		832004104	210	0			0				0		
QPRV00023678_00094	QPRV00023678	0	520539	145	128542	1		832004104	201	0			0				0		
QPRV00023678_00095	QPRV00023678	0	520539	145	977286	1		832004104	510	0			0				0		
QPRV00023678_00096	QPRV00023678	0	510539	145	66667	1		832004104	100	0			0				0		029
QPRV00023678_00097	QPRV00023678	0	520539	145	20283	1		832004104	103	0			0				0		
QPRV00023678_00098	QPRV00023678	0	520539	145	71667	1		832004104	721	0			0				0		
QPRV00023678_00099	QPRV00023678	0	510539	145	81682	1		832004104	098	0			0				0		102
QPRV00023678_00100	QPRV00023678	0	520539	145	246198	1		832004104	702	0			0				0		
QPRV00023678_00101	QPRV00023678	0	510539	145	60893	1		832004104	098	0			0				0		109
QPRV00023678_00102	QPRV00023678	0	520539	145	529641	1		832004104	701	0			0				0		
QPRV00023678_00103	QPRV00023678	0	520539	145	212172	1		832004104	410	0			0				0		
QPRV00023678_00104	QPRV00023678	0	520539	145	56802	1		832004104	630	0			0				0		
QPRV00023678_00105	QPRV00023678	0	510539	145	58333	1		832004104	099	0			0				0		100
QPRV00023678_00106	QPRV00023678	0	520539	145	72218	1		832004104	503	0			0				0		
QPRV00023678_00107	QPRV00023678	0	520539	145	347438	1		832004104	151	0			0				0		
QPRV00023678_00108	QPRV00023678	0	510539	145	257823	1		832004104	093	0			0				0		011
QPRV00023678_00109	QPRV00023678	0	510539	145	268297	1		832004104	099	0			0				0		999
QPRV00023678_00110	QPRV00023678	0	510539	145	61919	1		832004104	098	0			0				0		620
QPRV00023678_00111	QPRV00023678	0	510539	145	37500	1		832004104	093	0			0				0		025
QPRV00023678_00112	QPRV00023678	0	510539	145	101334	1		832004104	093	0			0				0		029
QPRV00023678_00113	QPRV00023678	0	510539	145	105269	1		832004104	098	0			0				0		701
QPRV00023678_00114	QPRV00023678	0	510539	145	98021	1		832004104	093	0			0				0		018
QPRV00023678_00115	QPRV00023678	0	510539	145	109685	1		832004104	098	0			0				0		201
QPRV00023678_00116	QPRV00023678	0	510539	145	181417	1		832004104	093	0			0				0		010
QPRV00023678_00117	QPRV00023678	0	510539	145	28340	1		832004104	096	0			0				0		102
QPRV00023678_00118	QPRV00023678	0	510539	145	100565	1		832004104	098	0			0				0		410
QPRV00023678_00119	QPRV00023678	0	510539	145	302171	1		832004104	098	0			0				0		104
QPRV00023678_00120	QPRV00023678	0	510539	145	26848	1		832004104	096	0			0				0		001
QPRV00023678_00121	QPRV00023678	0	520539	145	594250	1		832004104	501	0			0				0		
QPRV00023679_00122	QPRV00023679	0	510536	130	137733	1		832004104	099	0			0				0		900
QPRV00023679_00163	QPRV00023679	0	510536	130	239872	1		832004104	098	0			0				0		410
QPRV00023679_00124	QPRV00023679	0	510536	130	59863	1		832004104	093	0			0				0		009
QPRV00023679_00125	QPRV00023679	0	510536	130	204079	1		832004104	100	0			0				0		027
QPRV00023679_00126	QPRV00023679	0	510536	130	65847	1		832004104	096	0			0				0		001
QPRV00023679_00127	QPRV00023679	0	520536	130	432593	1		832004104	511	0			0				0		
QPRV00023679_00128	QPRV00023679	0	510536	130	481833	1		832004104	093	0			0				0		011
QPRV00023679_00129	QPRV00023679	0	520536	130	578868	1		832004104	151	0			0				0		
QPRV00023679_00130	QPRV00023679	0	510536	130	452249	1		832004104	093	0			0				0		014
QPRV00023679_00131	QPRV00023679	0	510536	130	207538	1		832004104	098	0			0				0		109
QPRV00023679_00132	QPRV00023679	0	520536	130	311512	2		832004104	501	0			0				0		
QPRV00023679_00133	QPRV00023679	0	520536	130	40566	1		832004104	103	0			0				0		
QPRV00023679_00134	QPRV00023679	0	510536	130	81166	1		832004104	093	0			0				0		025
QPRV00023679_00135	QPRV00023679	0	520536	130	316025	1		832004104	201	0			0				0		
QPRV00023679_00136	QPRV00023679	0	510536	130	553512	1		832004104	099	0			0				0		999
QPRV00023679_00137	QPRV00023679	0	510536	130	369000	1		832004104	093	0			0				0		010
QPRV00023679_00138	QPRV00023679	0	520536	130	488574	1		832004104	410	0			0				0		
QPRV00023679_00139	QPRV00023679	0	520536	130	1146752	1		832004104	501	0			0				0		
QPRV00023679_00140	QPRV00023679	0	520536	130	662957	1		832004104	702	0			0				0		
QPRV00023679_00141	QPRV00023679	0	520536	130	521977	1		832004104	210	0			0				0		
QPRV00023679_00142	QPRV00023679	0	510536	130	116667	1		832004104	099	0			0				0		100
QPRV00023679_00143	QPRV00023679	0	520536	130	144103	1		832004104	503	0			0				0		
QPRV00023679_00144	QPRV00023679	0	510536	130	264484	1		832004104	098	0			0				0		501
QPRV00023679_00145	QPRV00023679	0	520536	130	386697	1		832004104	512	0			0				0		
QPRV00023679_00146	QPRV00023679	0	510536	130	956500	1		832004104	098	0			0				0		151
QPRV00023679_00147	QPRV00023679	0	510536	130	371376	1		832004104	098	0			0				0		104
QPRV00023679_00148	QPRV00023679	0	510536	130	396928	1		832004104	093	0			0				0		012
QPRV00023679_00149	QPRV00023679	0	510536	130	655834	1		832004104	100	0			0				0		028
QPRV00023679_00150	QPRV00023679	0	510536	130	125629	1		832004104	098	0			0				0		510
QPRV00023679_00151	QPRV00023679	0	520536	130	106998	1		832004104	630	0			0				0		
QPRV00023679_00152	QPRV00023679	0	510536	130	353184	1		832004104	098	0			0				0		701
QPRV00023679_00153	QPRV00023679	0	520536	130	1632743	1		832004104	510	0			0				0		
QPRV00023679_00154	QPRV00023679	0	520536	130	158142	1		832004104	721	0			0				0		
QPRV00023679_00155	QPRV00023679	0	510536	130	133333	1		832004104	100	0			0				0		029
QPRV00023679_00156	QPRV00023679	0	510536	130	384416	1		832004104	093	0			0				0		017
QPRV00023679_00157	QPRV00023679	0	510536	130	218560	1		832004104	098	0			0				0		102
QPRV00023679_00158	QPRV00023679	0	510536	130	215000	1		832004104	093	0			0				0		029
QPRV00023679_00159	QPRV00023679	0	520536	130	798098	1		832004104	701	0			0				0		
QPRV00023679_00160	QPRV00023679	0	510536	130	200340	1		832004104	098	0			0				0		201
QPRV00023679_00161	QPRV00023679	0	510536	130	107553	1		832004104	098	0			0				0		620
QPRV00023679_00162	QPRV00023679	0	510536	130	211793	1		832004104	093	0			0				0		018
QPRV00023679_00123	QPRV00023679	0	510536	130	62011	1		832004104	096	0			0				0		102
