QPRF00010592_00001	QPRF00010592	0	52057040	SOLID	200	1		800229739	510	0			0				0		
QPRF00010592_00002	QPRF00010592	0	52057040	SOLID	600	1		800229739	701	0			0				0		
QPRF00010592_00003	QPRF00010592	0	51057040	SOLID	200	2		800229739	098	0			0				0		701
QPRF00010592_00004	QPRF00010592	0	52057040	SOLID	100	2		800229739	501	0			0				0		
QPRF00010593_00005	QPRF00010593	0	51057240	I.C.B.F	178800	1		899999239	100	0			0				0		028
QPRF00010594_00006	QPRF00010594	0	51057240	SENA	119200	1		899999034	100	0			0				0		028
QPRF00010595_00007	QPRF00010595	0	52057240	C.C.F	72600	1		891180008	630	0			0				0		
QPRF00010596_00008	QPRF00010596	0	51057240	C.C.F	160200	1		891080005	098	0			0				0		410
QPRF00010596_00009	QPRF00010596	0	52057240	C.C.F	252100	1		891080005	410	0			0				0		
QPRF00010597_00012	QPRF00010597	0	51057240	C.C.F	120400	1		890480023	098	0			0				0		510
QPRF00010597_00011	QPRF00010597	0	51057240	C.C.F	157800	1		890480023	099	0			0				0		999
QPRF00010597_00010	QPRF00010597	0	52057240	C.C.F	548300	1		890480023	510	0			0				0		
QPRF00010597_00013	QPRF00010597	0	52057240	C.C.F	207800	1		890480023	511	0			0				0		
QPRF00010597_00014	QPRF00010597	0	52057240	C.C.F	134400	1		890480023	512	0			0				0		
QPRF00010598_00016	QPRF00010598	0	52057240	C.C.F	118000	1		890303208	201	0			0				0		
QPRF00010598_00015	QPRF00010598	0	52057240	C.C.F	208500	1		890303208	210	0			0				0		
QPRF00010598_00017	QPRF00010598	0	51057240	C.C.F	97200	1		890303208	098	0			0				0		201
QPRF00010599_00019	QPRF00010599	0	52057240	C.C.F	321900	1		890201578	702	0			0				0		
QPRF00010599_00018	QPRF00010599	0	52057240	C.C.F	414900	1		890201578	701	0			0				0		
QPRF00010599_00020	QPRF00010599	0	51057240	C.C.F	222200	1		890201578	098	0			0				0		701
QPRF00010599_00021	QPRF00010599	0	52057240	C.C.F	77200	1		890201578	721	0			0				0		
QPRF00010600_00022	QPRF00010600	0	51057240	C.C.F	29300	1		890101994	099	0			0				0		999
QPRF00010600_00023	QPRF00010600	0	52057240	C.C.F	489100	1		890101994	501	0			0				0		
QPRF00010600_00024	QPRF00010600	0	51057240	C.C.F	288800	1		890101994	098	0			0				0		501
QPRF00010600_00025	QPRF00010600	0	52057240	C.C.F	202400	1		890101994	510	0			0				0		
QPRF00010601_00028	QPRF00010601	0	51057240	C.C.F	25800	1		860066942	093	0			0				0		009
QPRF00010601_00027	QPRF00010601	0	51057240	C.C.F	613100	1		860066942	098	0			0				0		151
QPRF00010601_00026	QPRF00010601	0	51057240	C.C.F	199600	1		860066942	093	0			0				0		012
QPRF00010601_00029	QPRF00010601	0	52057240	C.C.F	25800	1		860066942	701	0			0				0		
QPRF00010601_00049	QPRF00010601	0	51057240	C.C.F	58000	1		860066942	096	0			0				0		001
QPRF00010601_00048	QPRF00010601	0	51057240	C.C.F	191000	1		860066942	093	0			0				0		017
QPRF00010601_00047	QPRF00010601	0	51057240	C.C.F	158300	1		860066942	093	0			0				0		010
QPRF00010601_00046	QPRF00010601	0	51057240	C.C.F	210000	1		860066942	093	0			0				0		014
QPRF00010601_00045	QPRF00010601	0	52057240	C.C.F	29000	1		860066942	103	0			0				0		
QPRF00010601_00044	QPRF00010601	0	51057240	C.C.F	209400	1		860066942	093	0			0				0		011
QPRF00010601_00043	QPRF00010601	0	51057240	C.C.F	36000	1		860066942	093	0			0				0		025
QPRF00010601_00042	QPRF00010601	0	51057240	C.C.F	107300	1		860066942	098	0			0				0		102
QPRF00010601_00030	QPRF00010601	0	51057240	C.C.F	173000	1		860066942	098	0			0				0		104
QPRF00010601_00031	QPRF00010601	0	51057240	C.C.F	137100	1		860066942	099	0			0				0		999
QPRF00010601_00032	QPRF00010601	0	51057240	C.C.F	56000	1		860066942	099	0			0				0		100
QPRF00010601_00033	QPRF00010601	0	51057240	C.C.F	671000	1		860066942	100	0			0				0		028
QPRF00010601_00034	QPRF00010601	0	51057240	C.C.F	97300	1		860066942	093	0			0				0		029
QPRF00010601_00035	QPRF00010601	0	51057240	C.C.F	105400	1		860066942	098	0			0				0		109
QPRF00010601_00036	QPRF00010601	0	51057240	C.C.F	64000	1		860066942	100	0			0				0		029
QPRF00010601_00037	QPRF00010601	0	51057240	C.C.F	83200	1		860066942	100	0			0				0		027
QPRF00010601_00038	QPRF00010601	0	51057240	C.C.F	102500	1		860066942	093	0			0				0		018
QPRF00010601_00039	QPRF00010601	0	51057240	C.C.F	72200	1		860066942	098	0			0				0		620
QPRF00010601_00040	QPRF00010601	0	52057240	C.C.F	12900	1		860066942	102	0			0				0		
QPRF00010601_00041	QPRF00010601	0	52057240	C.C.F	207300	1		860066942	151	0			0				0		
QPRF00010602_00050	QPRF00010602	0	51056940	EPS	80544	1		860066942	093	0			0				0		010
QPRF00010603_00051	QPRF00010603	0	51056940	EPS	80544	1		830009783	093	0			0				0		017
QPRF00010604_00052	QPRF00010604	0	51056940	EPS	80544	1		830003564	093	0			0				0		021
QPRF00010605_00053	QPRF00010605	0	51056940	EPS	1000	2		805000427	098	0			0				0		701
QPRF00010605_00054	QPRF00010605	0	52056940	EPS	1900	1		805000427	701	0			0				0		
QPRF00010606_00055	QPRF00010606	0	52056940	EPS	500	1		800250119	510	0			0				0		
QPRF00010606_00056	QPRF00010606	0	52056940	EPS	25800	1		800250119	511	0			0				0		
QPRF00010606_00057	QPRF00010606	0	51056940	EPS	400	1		800250119	098	0			0				0		501
QPRF00010607_00058	QPRF00010607	0	51056940	EPS	506700	1		800088702	100	0			0				0		028
QPRF00010608_00059	QPRF00010608	0	51056803	ARP	28200	1		860002503	093	0			0				0		017
QPRF00010608_00060	QPRF00010608	0	51056803	ARP	55100	1		860002503	096	0			0				0		001
QPRF00010608_00061	QPRF00010608	0	51056803	ARP	16300	1		860002503	093	0			0				0		029
QPRF00010608_00062	QPRF00010608	0	52056803	ARP	162400	1		860002503	501	0			0				0		
QPRF00010608_00063	QPRF00010608	0	51056803	ARP	85200	1		860002503	098	0			0				0		104
QPRF00010608_00064	QPRF00010608	0	51056803	ARP	120000	1		860002503	100	0			0				0		028
QPRF00010608_00065	QPRF00010608	0	51056803	ARP	18800	1		860002503	098	0			0				0		620
QPRF00010608_00066	QPRF00010608	0	52056803	ARP	65728	1		860002503	410	0			0				0		
QPRF00010608_00067	QPRF00010608	0	51056803	ARP	23100	1		860002503	093	0			0				0		012
QPRF00010608_00068	QPRF00010608	0	51056803	ARP	4700	1		860002503	093	0			0				0		025
QPRF00010608_00069	QPRF00010608	0	52056803	ARP	293600	1		860002503	702	0			0				0		
QPRF00010608_00070	QPRF00010608	0	52056803	ARP	7600	1		860002503	103	0			0				0		
QPRF00010608_00071	QPRF00010608	0	51056803	ARP	27500	1		860002503	098	0			0				0		109
QPRF00010608_00072	QPRF00010608	0	52056803	ARP	54200	1		860002503	511	0			0				0		
QPRF00010608_00073	QPRF00010608	0	51056803	ARP	24800	1		860002503	098	0			0				0		201
QPRF00010608_00074	QPRF00010608	0	52056803	ARP	18900	1		860002503	630	0			0				0		
QPRF00010608_00075	QPRF00010608	0	51056803	ARP	11800	1		860002503	093	0			0				0		018
QPRF00010608_00076	QPRF00010608	0	51056803	ARP	67600	1		860002503	098	0			0				0		501
QPRF00010608_00077	QPRF00010608	0	51056803	ARP	16200	1		860002503	100	0			0				0		029
QPRF00010608_00078	QPRF00010608	0	52056803	ARP	3400	1		860002503	102	0			0				0		
QPRF00010608_00079	QPRF00010608	0	51056803	ARP	23100	1		860002503	093	0			0				0		010
QPRF00010608_00080	QPRF00010608	0	51056803	ARP	31400	1		860002503	098	0			0				0		510
QPRF00010608_00081	QPRF00010608	0	52056803	ARP	53700	1		860002503	210	0			0				0		
QPRF00010608_00082	QPRF00010608	0	52056803	ARP	35100	1		860002503	512	0			0				0		
QPRF00010608_00083	QPRF00010608	0	51056803	ARP	237422	1		860002503	099	0			0				0		999
QPRF00010608_00084	QPRF00010608	0	51056803	ARP	29800	1		860002503	093	0			0				0		014
QPRF00010608_00085	QPRF00010608	0	52056803	ARP	219003	1		860002503	510	0			0				0		
QPRF00010608_00086	QPRF00010608	0	51056803	ARP	93500	1		860002503	098	0			0				0		701
QPRF00010608_00087	QPRF00010608	0	52056803	ARP	20100	1		860002503	721	0			0				0		
QPRF00010608_00088	QPRF00010608	0	52056803	ARP	67700	1		860002503	201	0			0				0		
QPRF00010608_00089	QPRF00010608	0	51056803	ARP	28100	1		860002503	098	0			0				0		102
QPRF00010608_00090	QPRF00010608	0	51056803	ARP	41828	1		860002503	098	0			0				0		410
QPRF00010608_00091	QPRF00010608	0	52056803	ARP	100604	1		860002503	701	0			0				0		
QPRF00010608_00092	QPRF00010608	0	51056803	ARP	195428	1		860002503	098	0			0				0		151
QPRF00010608_00093	QPRF00010608	0	51056803	ARP	12500	1		860002503	100	0			0				0		027
QPRF00010608_00094	QPRF00010608	0	52056803	ARP	134800	1		860002503	151	0			0				0		
QPRF00010608_00095	QPRF00010608	0	51056803	ARP	37600	1		860002503	093	0			0				0		011
QPRF00010608_00096	QPRF00010608	0	51056803	ARP	14600	1		860002503	099	0			0				0		100
QPRF00010608_00097	QPRF00010608	0	51056803	ARP	2019	1		860002503	093	0			0				0		009
QPRF00010609_00098	QPRF00010609	0	51057040	AFP	78000	1		900336004	098	0			0				0		501
QPRF00010609_00099	QPRF00010609	0	51057040	AFP	126000	1		900336004	093	0			0				0		014
QPRF00010609_00100	QPRF00010609	0	52057040	AFP	125400	1		900336004	702	0			0				0		
QPRF00010609_00101	QPRF00010609	0	51057040	AFP	87200	1		900336004	093	0			0				0		012
QPRF00010609_00102	QPRF00010609	0	51057040	AFP	540000	1		900336004	100	0			0				0		028
QPRF00010609_00108	QPRF00010609	0	51057040	AFP	327400	1		900336004	098	0			0				0		151
QPRF00010609_00104	QPRF00010609	0	51057040	AFP	138000	1		900336004	093	0			0				0		029
QPRF00010609_00105	QPRF00010609	0	52057040	AFP	88600	1		900336004	721	0			0				0		
QPRF00010609_00106	QPRF00010609	0	52057040	AFP	103100	1		900336004	511	0			0				0		
QPRF00010609_00107	QPRF00010609	0	51057040	AFP	87600	1		900336004	098	0			0				0		201
QPRF00010609_00103	QPRF00010609	0	52057040	AFP	261000	1		900336004	151	0			0				0		
QPRF00010610_00109	QPRF00010610	0	51057040	AFP	84800	1		800229739	096	0			0				0		001
QPRF00010610_00110	QPRF00010610	0	52057040	AFP	100800	1		800229739	210	0			0				0		
QPRF00010610_00136	QPRF00010610	0	51057040	AFP	108000	1		800229739	093	0			0				0		025
QPRF00010610_00135	QPRF00010610	0	51057040	AFP	100800	1		800229739	098	0			0				0		151
QPRF00010610_00134	QPRF00010610	0	52057040	AFP	38648	1		800229739	102	0			0				0		
QPRF00010610_00133	QPRF00010610	0	52057040	AFP	478500	1		800229739	702	0			0				0		
QPRF00010610_00132	QPRF00010610	0	51057040	AFP	319000	1		800229739	098	0			0				0		410
QPRF00010610_00131	QPRF00010610	0	51057040	AFP	229200	1		800229739	098	0			0				0		109
QPRF00010610_00130	QPRF00010610	0	51057040	AFP	414000	1		800229739	093	0			0				0		011
QPRF00010610_00129	QPRF00010610	0	51057040	AFP	204000	1		800229739	093	0			0				0		018
QPRF00010610_00128	QPRF00010610	0	51057040	AFP	153800	1		800229739	093	0			0				0		029
QPRF00010610_00127	QPRF00010610	0	51057040	AFP	399400	1		800229739	093	0			0				0		014
QPRF00010610_00126	QPRF00010610	0	52057040	AFP	347400	1		800229739	511	0			0				0		
QPRF00010610_00125	QPRF00010610	0	51057040	AFP	148800	1		800229739	098	0			0				0		501
QPRF00010610_00111	QPRF00010610	0	51057040	AFP	467400	1		800229739	098	0			0				0		701
QPRF00010610_00112	QPRF00010610	0	51057040	AFP	168000	1		800229739	099	0			0				0		100
QPRF00010610_00113	QPRF00010610	0	52057040	AFP	912400	1		800229739	501	0			0				0		
QPRF00010610_00114	QPRF00010610	0	51057040	AFP	1076600	1		800229739	100	0			0				0		028
QPRF00010610_00115	QPRF00010610	0	51057040	AFP	267200	1		800229739	093	0			0				0		017
QPRF00010610_00116	QPRF00010610	0	52057040	AFP	164700	1		800229739	410	0			0				0		
QPRF00010610_00117	QPRF00010610	0	51057040	AFP	170800	1		800229739	100	0			0				0		027
QPRF00010610_00118	QPRF00010610	0	51057040	AFP	216600	1		800229739	098	0			0				0		620
QPRF00010610_00119	QPRF00010610	0	51057040	AFP	556900	1		800229739	099	0			0				0		999
QPRF00010610_00120	QPRF00010610	0	52057040	AFP	81600	1		800229739	512	0			0				0		
QPRF00010610_00121	QPRF00010610	0	52057040	AFP	724300	1		800229739	701	0			0				0		
QPRF00010610_00122	QPRF00010610	0	52057040	AFP	1909000	1		800229739	510	0			0				0		
QPRF00010610_00123	QPRF00010610	0	51057040	AFP	193800	1		800229739	093	0			0				0		010
QPRF00010610_00124	QPRF00010610	0	51057040	AFP	102000	1		800229739	093	0			0				0		012
QPRF00010611_00146	QPRF00010611	0	52057040	AFP	83200	1		800227940	630	0			0				0		
QPRF00010611_00145	QPRF00010611	0	51057040	AFP	152000	1		800227940	098	0			0				0		510
QPRF00010611_00144	QPRF00010611	0	51057040	AFP	103600	1		800227940	093	0			0				0		018
QPRF00010611_00143	QPRF00010611	0	52057040	AFP	84400	1		800227940	410	0			0				0		
QPRF00010611_00142	QPRF00010611	0	52057040	AFP	192800	1		800227940	511	0			0				0		
QPRF00010611_00141	QPRF00010611	0	52057040	AFP	197000	1		800227940	201	0			0				0		
QPRF00010611_00149	QPRF00010611	0	52057040	AFP	114400	1		800227940	510	0			0				0		
QPRF00010611_00139	QPRF00010611	0	51057040	AFP	227000	1		800227940	098	0			0				0		102
QPRF00010611_00138	QPRF00010611	0	51057040	AFP	77300	1		800227940	098	0			0				0		151
QPRF00010611_00137	QPRF00010611	0	51057040	AFP	77300	1		800227940	098	0			0				0		410
QPRF00010611_00148	QPRF00010611	0	51057040	AFP	312000	1		800227940	100	0			0				0		028
QPRF00010611_00147	QPRF00010611	0	52057040	AFP	108000	1		800227940	501	0			0				0		
QPRF00010611_00140	QPRF00010611	0	51057040	AFP	108000	1		800227940	093	0			0				0		014
QPRF00010612_00173	QPRF00010612	0	51057040	AFP	209200	1		800224808	098	0			0				0		510
QPRF00010612_00174	QPRF00010612	0	52057040	AFP	507000	1		800224808	410	0			0				0		
QPRF00010612_00175	QPRF00010612	0	52057040	AFP	360400	1		800224808	702	0			0				0		
QPRF00010612_00176	QPRF00010612	0	51057040	AFP	205000	1		800224808	098	0			0				0		201
QPRF00010612_00177	QPRF00010612	0	52057040	AFP	605700	1		800224808	701	0			0				0		
QPRF00010612_00178	QPRF00010612	0	51057040	AFP	91600	1		800224808	100	0			0				0		027
QPRF00010612_00179	QPRF00010612	0	51057040	AFP	1334600	1		800224808	098	0			0				0		151
QPRF00010612_00180	QPRF00010612	0	51057040	AFP	89600	1		800224808	096	0			0				0		001
QPRF00010612_00181	QPRF00010612	0	51057040	AFP	225000	1		800224808	093	0			0				0		011
QPRF00010612_00150	QPRF00010612	0	52057040	AFP	89800	1		800224808	103	0			0				0		
QPRF00010612_00151	QPRF00010612	0	51057040	AFP	415400	1		800224808	099	0			0				0		999
QPRF00010612_00152	QPRF00010612	0	51057040	AFP	195600	1		800224808	098	0			0				0		701
QPRF00010612_00153	QPRF00010612	0	51057040	AFP	518800	1		800224808	098	0			0				0		104
QPRF00010612_00154	QPRF00010612	0	52057040	AFP	142800	1		800224808	721	0			0				0		
QPRF00010612_00155	QPRF00010612	0	51057040	AFP	87000	1		800224808	098	0			0				0		109
QPRF00010612_00156	QPRF00010612	0	52057040	AFP	322000	1		800224808	512	0			0				0		
QPRF00010612_00157	QPRF00010612	0	52057040	AFP	162400	1		800224808	201	0			0				0		
QPRF00010612_00158	QPRF00010612	0	52057040	AFP	83000	1		800224808	511	0			0				0		
QPRF00010612_00159	QPRF00010612	0	51057040	AFP	84000	1		800224808	098	0			0				0		410
QPRF00010612_00160	QPRF00010612	0	51057040	AFP	305800	1		800224808	093	0			0				0		017
QPRF00010612_00161	QPRF00010612	0	52057040	AFP	281000	1		800224808	510	0			0				0		
QPRF00010612_00162	QPRF00010612	0	51057040	AFP	95000	1		800224808	098	0			0				0		102
QPRF00010612_00163	QPRF00010612	0	52057040	AFP	360800	1		800224808	151	0			0				0		
QPRF00010612_00164	QPRF00010612	0	52057040	AFP	134400	1		800224808	630	0			0				0		
QPRF00010612_00165	QPRF00010612	0	51057040	AFP	415200	1		800224808	093	0			0				0		012
QPRF00010612_00166	QPRF00010612	0	51057040	AFP	77300	1		800224808	093	0			0				0		009
QPRF00010612_00167	QPRF00010612	0	52057040	AFP	448400	1		800224808	501	0			0				0		
QPRF00010612_00168	QPRF00010612	0	51057040	AFP	84000	1		800224808	100	0			0				0		028
QPRF00010612_00169	QPRF00010612	0	51057040	AFP	324800	1		800224808	093	0			0				0		010
QPRF00010612_00170	QPRF00010612	0	51057040	AFP	643600	1		800224808	098	0			0				0		501
QPRF00010612_00171	QPRF00010612	0	52057040	AFP	524000	1		800224808	210	0			0				0		
QPRF00010612_00172	QPRF00010612	0	51057040	AFP	192000	1		800224808	100	0			0				0		029
