QPRF00010465_00003	QPRF00010465	0	51057240	I.C.B.F	175900	1		899999239	100	0			0				0		28
QPRF00010466_00004	QPRF00010466	0	51057240	SENA	117300	1		899999034	100	0			0				0		28
QPRF00010467_00005	QPRF00010467	0	51057240	C.C.F	92600	1		891080005	98	0			0				0		410
QPRF00010467_00006	QPRF00010467	0	52057240	C.C.F	202000	1		891080005	410	0			0				0		
QPRF00010468_00010	QPRF00010468	0	51057240	C.C.F	25800	1		890480023	98	0			0				0		510
QPRF00010468_00009	QPRF00010468	0	52057240	C.C.F	173600	1		890480023	511	0			0				0		
QPRF00010468_00008	QPRF00010468	0	52057240	C.C.F	475300	1		890480023	510	0			0				0		
QPRF00010468_00007	QPRF00010468	0	51057240	C.C.F	51600	1		890480023	99	0			0				0		999
QPRF00010468_00011	QPRF00010468	0	52057240	C.C.F	300900	1		890480023	512	0			0				0		
QPRF00010469_00012	QPRF00010469	0	52057240	C.C.F	214600	1		890303208	210	0			0				0		
QPRF00010469_00013	QPRF00010469	0	52057240	C.C.F	93600	1		890303208	201	0			0				0		
QPRF00010469_00014	QPRF00010469	0	51057240	C.C.F	67700	1		890303208	98	0			0				0		201
QPRF00010470_00015	QPRF00010470	0	52057240	C.C.F	313300	1		890201578	701	0			0				0		
QPRF00010470_00016	QPRF00010470	0	52057240	C.C.F	94500	1		890201578	721	0			0				0		
QPRF00010470_00018	QPRF00010470	0	52057240	C.C.F	139500	1		890201578	702	0			0				0		
QPRF00010470_00017	QPRF00010470	0	51057240	C.C.F	167600	1		890201578	98	0			0				0		701
QPRF00010471_00020	QPRF00010471	0	51057240	C.C.F	129000	1		890101994	98	0			0				0		501
QPRF00010471_00019	QPRF00010471	0	52057240	C.C.F	141900	1		890101994	510	0			0				0		
QPRF00010471_00021	QPRF00010471	0	52057240	C.C.F	545120	1		890101994	501	0			0				0		
QPRF00010472_00025	QPRF00010472	0	52057240	C.C.F	102200	1		860066942	102	0			0				0		
QPRF00010472_00024	QPRF00010472	0	52057240	C.C.F	25800	1		860066942	701	0			0				0		
QPRF00010472_00023	QPRF00010472	0	51057240	C.C.F	290200	1		860066942	98	0			0				0		104
QPRF00010472_00022	QPRF00010472	0	51057240	C.C.F	57800	1		860066942	98	0			0				0		620
QPRF00010472_00026	QPRF00010472	0	51057240	C.C.F	78000	1		860066942	98	0			0				0		102
QPRF00010472_00043	QPRF00010472	0	52057240	C.C.F	67900	1		860066942	103	0			0				0		
QPRF00010472_00042	QPRF00010472	0	52057240	C.C.F	166800	1		860066942	151	0			0				0		
QPRF00010472_00041	QPRF00010472	0	51057240	C.C.F	134200	1		860066942	98	0			0				0		109
QPRF00010472_00040	QPRF00010472	0	51057240	C.C.F	545800	1		860066942	100	0			0				0		28
QPRF00010472_00039	QPRF00010472	0	51057240	C.C.F	36000	1		860066942	93	0			0				0		25
QPRF00010472_00038	QPRF00010472	0	51057240	C.C.F	25800	1		860066942	93	0			0				0		9
QPRF00010472_00037	QPRF00010472	0	51057240	C.C.F	375400	1		860066942	98	0			0				0		151
QPRF00010472_00027	QPRF00010472	0	51057240	C.C.F	29300	1		860066942	96	0			0				0		1
QPRF00010472_00028	QPRF00010472	0	51057240	C.C.F	34500	1		860066942	93	0			0				0		18
QPRF00010472_00029	QPRF00010472	0	51057240	C.C.F	23600	1		860066942	96	0			0				0		102
QPRF00010472_00030	QPRF00010472	0	51057240	C.C.F	146200	1		860066942	93	0			0				0		12
QPRF00010472_00031	QPRF00010472	0	51057240	C.C.F	83200	1		860066942	100	0			0				0		27
QPRF00010472_00032	QPRF00010472	0	51057240	C.C.F	210600	1		860066942	93	0			0				0		11
QPRF00010472_00033	QPRF00010472	0	51057240	C.C.F	174200	1		860066942	93	0			0				0		10
QPRF00010472_00034	QPRF00010472	0	51057240	C.C.F	51300	1		860066942	93	0			0				0		29
QPRF00010472_00035	QPRF00010472	0	51057240	C.C.F	174600	1		860066942	93	0			0				0		17
QPRF00010472_00036	QPRF00010472	0	51057240	C.C.F	206100	1		860066942	93	0			0				0		14
QPRF00010473_00044	QPRF00010473	0	51056940	EPS	80544	1		900462447	93	0			0				0		17
QPRF00010474_00046	QPRF00010474	0	51056940	EPS	80544	1		830003564	93	0			0				0		21
QPRF00010474_00045	QPRF00010474	0	51056940	EPS	22	2		830003564	98	0			0				0		109
QPRF00010475_00047	QPRF00010475	0	51056940	EPS	2500	1		805000427	98	0			0				0		701
QPRF00010476_00048	QPRF00010476	0	51056940	EPS	80544	1		800251440	93	0			0				0		14
QPRF00010477_00049	QPRF00010477	0	51056940	EPS	100	1		800130907	98	0			0				0		151
QPRF00010478_00050	QPRF00010478	0	51056940	EPS	498400	1		800088702	100	0			0				0		28
QPRF00010478_00051	QPRF00010478	0	52056940	EPS	33	1		800088702	501	0			0				0		
QPRF00010479_00052	QPRF00010479	0	51056803	ARP	33940	1		860002503	93	0			0				0		14
QPRF00010479_00053	QPRF00010479	0	51056803	ARP	5900	1		860002503	96	0			0				0		102
QPRF00010479_00054	QPRF00010479	0	51056803	ARP	27900	1		860002503	98	0			0				0		701
QPRF00010479_00055	QPRF00010479	0	51056803	ARP	13400	1		860002503	93	0			0				0		29
QPRF00010479_00056	QPRF00010479	0	52056803	ARP	112200	1		860002503	702	0			0				0		
QPRF00010479_00057	QPRF00010479	0	52056803	ARP	55300	1		860002503	210	0			0				0		
QPRF00010479_00058	QPRF00010479	0	52056803	ARP	47956	1		860002503	410	0			0				0		
QPRF00010479_00059	QPRF00010479	0	52056803	ARP	26700	1		860002503	102	0			0				0		
QPRF00010479_00060	QPRF00010479	0	52056803	ARP	43500	1		860002503	151	0			0				0		
QPRF00010479_00061	QPRF00010479	0	51056803	ARP	16100	1		860002503	93	0			0				0		12
QPRF00010479_00062	QPRF00010479	0	52056803	ARP	85300	1		860002503	701	0			0				0		
QPRF00010479_00063	QPRF00010479	0	52056803	ARP	65000	1		860002503	721	0			0				0		
QPRF00010479_00064	QPRF00010479	0	51056803	ARP	26300	1		860002503	93	0			0				0		17
QPRF00010479_00065	QPRF00010479	0	51056803	ARP	4200	1		860002503	93	0			0				0		18
QPRF00010479_00066	QPRF00010479	0	52056803	ARP	159256	1		860002503	510	0			0				0		
QPRF00010479_00067	QPRF00010479	0	51056803	ARP	77500	1		860002503	100	0			0				0		28
QPRF00010479_00068	QPRF00010479	0	51056803	ARP	17700	1		860002503	98	0			0				0		201
QPRF00010479_00069	QPRF00010479	0	51056803	ARP	100200	1		860002503	98	0			0				0		104
QPRF00010479_00070	QPRF00010479	0	51056803	ARP	3400	1		860002503	93	0			0				0		21
QPRF00010479_00071	QPRF00010479	0	51056803	ARP	6700	1		860002503	98	0			0				0		510
QPRF00010479_00072	QPRF00010479	0	51056803	ARP	4700	1		860002503	93	0			0				0		25
QPRF00010479_00073	QPRF00010479	0	51056803	ARP	40000	1		860002503	93	0			0				0		11
QPRF00010479_00074	QPRF00010479	0	51056803	ARP	15100	1		860002503	98	0			0				0		620
QPRF00010479_00075	QPRF00010479	0	51056803	ARP	22700	1		860002503	98	0			0				0		410
QPRF00010479_00076	QPRF00010479	0	51056803	ARP	50900	1		860002503	96	0			0				0		1
QPRF00010479_00077	QPRF00010479	0	52056803	ARP	24400	1		860002503	201	0			0				0		
QPRF00010479_00078	QPRF00010479	0	52056803	ARP	153300	1		860002503	501	0			0				0		
QPRF00010479_00079	QPRF00010479	0	51056803	ARP	13456	1		860002503	99	0			0				0		999
QPRF00010479_00080	QPRF00010479	0	52056803	ARP	45300	1		860002503	511	0			0				0		
QPRF00010479_00081	QPRF00010479	0	51056803	ARP	130528	1		860002503	98	0			0				0		151
QPRF00010479_00082	QPRF00010479	0	51056803	ARP	20300	1		860002503	98	0			0				0		102
QPRF00010479_00083	QPRF00010479	0	52056803	ARP	17700	1		860002503	103	0			0				0		
QPRF00010479_00084	QPRF00010479	0	51056803	ARP	19358	1		860002503	93	0			0				0		10
QPRF00010479_00085	QPRF00010479	0	52056803	ARP	63800	1		860002503	512	0			0				0		
QPRF00010479_00086	QPRF00010479	0	51056803	ARP	15000	1		860002503	100	0			0				0		27
QPRF00010479_00087	QPRF00010479	0	51056803	ARP	33600	1		860002503	98	0			0				0		501
QPRF00010479_00088	QPRF00010479	0	51056803	ARP	6728	1		860002503	93	0			0				0		9
QPRF00010479_00089	QPRF00010479	0	51056803	ARP	32400	1		860002503	98	0			0				0		109
QPRF00010480_00094	QPRF00010480	0	52057040	AFP	115600	1		900336004	702	0			0				0		
QPRF00010480_00093	QPRF00010480	0	52057040	AFP	81800	1		900336004	501	0			0				0		
QPRF00010480_00092	QPRF00010480	0	51057040	AFP	88400	1		900336004	98	0			0				0		201
QPRF00010480_00091	QPRF00010480	0	51057040	AFP	126000	1		900336004	93	0			0				0		14
QPRF00010480_00095	QPRF00010480	0	51057040	AFP	242200	1		900336004	98	0			0				0		151
QPRF00010480_00098	QPRF00010480	0	52057040	AFP	124200	1		900336004	511	0			0				0		
QPRF00010480_00097	QPRF00010480	0	51057040	AFP	132000	1		900336004	100	0			0				0		28
QPRF00010480_00096	QPRF00010480	0	52057040	AFP	187000	1		900336004	151	0			0				0		
QPRF00010480_00090	QPRF00010480	0	51057040	AFP	87200	1		900336004	93	0			0				0		12
QPRF00010481_00108	QPRF00010481	0	51057040	AFP	170000	1		800229739	100	0			0				0		27
QPRF00010481_00109	QPRF00010481	0	51057040	AFP	324300	1		800229739	98	0			0				0		109
QPRF00010481_00110	QPRF00010481	0	52057040	AFP	291600	1		800229739	512	0			0				0		
QPRF00010481_00111	QPRF00010481	0	51057040	AFP	154600	1		800229739	99	0			0				0		999
QPRF00010481_00112	QPRF00010481	0	51057040	AFP	1281400	1		800229739	100	0			0				0		28
QPRF00010481_00107	QPRF00010481	0	52057040	AFP	484600	1		800229739	701	0			0				0		
QPRF00010481_00106	QPRF00010481	0	51057040	AFP	87800	1		800229739	96	0			0				0		1
QPRF00010481_00105	QPRF00010481	0	51057040	AFP	193800	1		800229739	93	0			0				0		10
QPRF00010481_00104	QPRF00010481	0	51057040	AFP	173200	1		800229739	98	0			0				0		620
QPRF00010481_00103	QPRF00010481	0	52057040	AFP	100600	1		800229739	210	0			0				0		
QPRF00010481_00102	QPRF00010481	0	52057040	AFP	165300	1		800229739	410	0			0				0		
QPRF00010481_00101	QPRF00010481	0	51057040	AFP	102400	1		800229739	98	0			0				0		151
QPRF00010481_00100	QPRF00010481	0	51057040	AFP	409600	1		800229739	93	0			0				0		11
QPRF00010481_00099	QPRF00010481	0	51057040	AFP	114200	1		800229739	98	0			0				0		501
QPRF00010481_00113	QPRF00010481	0	52057040	AFP	306800	1		800229739	102	0			0				0		
QPRF00010481_00125	QPRF00010481	0	52057040	AFP	1336400	1		800229739	510	0			0				0		
QPRF00010481_00124	QPRF00010481	0	52057040	AFP	293800	1		800229739	511	0			0				0		
QPRF00010481_00123	QPRF00010481	0	51057040	AFP	153800	1		800229739	93	0			0				0		29
QPRF00010481_00122	QPRF00010481	0	51057040	AFP	339900	1		800229739	98	0			0				0		701
QPRF00010481_00121	QPRF00010481	0	51057040	AFP	108000	1		800229739	93	0			0				0		25
QPRF00010481_00120	QPRF00010481	0	51057040	AFP	175000	1		800229739	98	0			0				0		104
QPRF00010481_00119	QPRF00010481	0	51057040	AFP	193800	1		800229739	98	0			0				0		410
QPRF00010481_00118	QPRF00010481	0	51057040	AFP	357200	1		800229739	93	0			0				0		17
QPRF00010481_00117	QPRF00010481	0	52057040	AFP	233200	1		800229739	702	0			0				0		
QPRF00010481_00116	QPRF00010481	0	52057040	AFP	996429	1		800229739	501	0			0				0		
QPRF00010481_00115	QPRF00010481	0	51057040	AFP	102000	1		800229739	93	0			0				0		12
QPRF00010481_00114	QPRF00010481	0	51057040	AFP	399400	1		800229739	93	0			0				0		14
QPRF00010482_00135	QPRF00010482	0	52057040	AFP	172000	1		800227940	510	0			0				0		
QPRF00010482_00134	QPRF00010482	0	51057040	AFP	77300	1		800227940	98	0			0				0		151
QPRF00010482_00133	QPRF00010482	0	52057040	AFP	206300	1		800227940	201	0			0				0		
QPRF00010482_00132	QPRF00010482	0	52057040	AFP	116600	1		800227940	512	0			0				0		
QPRF00010482_00131	QPRF00010482	0	51057040	AFP	103600	1		800227940	93	0			0				0		18
QPRF00010482_00137	QPRF00010482	0	52057040	AFP	89600	1		800227940	103	0			0				0		
QPRF00010482_00129	QPRF00010482	0	52057040	AFP	162100	1		800227940	410	0			0				0		
QPRF00010482_00128	QPRF00010482	0	52057040	AFP	173400	1		800227940	501	0			0				0		
QPRF00010482_00127	QPRF00010482	0	51057040	AFP	233800	1		800227940	98	0			0				0		102
QPRF00010482_00126	QPRF00010482	0	52057040	AFP	177800	1		800227940	511	0			0				0		
QPRF00010482_00136	QPRF00010482	0	51057040	AFP	96000	1		800227940	93	0			0				0		14
QPRF00010482_00130	QPRF00010482	0	51057040	AFP	144000	1		800227940	100	0			0				0		28
QPRF00010483_00154	QPRF00010483	0	51057040	AFP	695200	1		800224808	98	0			0				0		104
QPRF00010483_00155	QPRF00010483	0	52057040	AFP	533100	1		800224808	701	0			0				0		
QPRF00010483_00156	QPRF00010483	0	51057040	AFP	77300	1		800224808	93	0			0				0		9
QPRF00010483_00157	QPRF00010483	0	52057040	AFP	82800	1		800224808	201	0			0				0		
QPRF00010483_00158	QPRF00010483	0	51057040	AFP	81400	1		800224808	96	0			0				0		102
QPRF00010483_00159	QPRF00010483	0	52057040	AFP	69600	1		800224808	702	0			0				0		
QPRF00010483_00160	QPRF00010483	0	51057040	AFP	88400	1		800224808	98	0			0				0		109
QPRF00010483_00161	QPRF00010483	0	51057040	AFP	166600	1		800224808	93	0			0				0		17
QPRF00010483_00162	QPRF00010483	0	52057040	AFP	404600	1		800224808	501	0			0				0		
QPRF00010483_00163	QPRF00010483	0	52057040	AFP	342800	1		800224808	510	0			0				0		
QPRF00010483_00164	QPRF00010483	0	51057040	AFP	84000	1		800224808	98	0			0				0		410
QPRF00010483_00165	QPRF00010483	0	51057040	AFP	90600	1		800224808	100	0			0				0		27
QPRF00010483_00138	QPRF00010483	0	51057040	AFP	716100	1		800224808	98	0			0				0		151
QPRF00010483_00139	QPRF00010483	0	51057040	AFP	328600	1		800224808	93	0			0				0		10
QPRF00010483_00140	QPRF00010483	0	52057040	AFP	83000	1		800224808	511	0			0				0		
QPRF00010483_00141	QPRF00010483	0	51057040	AFP	173000	1		800224808	98	0			0				0		701
QPRF00010483_00142	QPRF00010483	0	51057040	AFP	272800	1		800224808	98	0			0				0		501
QPRF00010483_00143	QPRF00010483	0	51057040	AFP	114600	1		800224808	98	0			0				0		201
QPRF00010483_00144	QPRF00010483	0	52057040	AFP	283600	1		800224808	721	0			0				0		
QPRF00010483_00145	QPRF00010483	0	52057040	AFP	313800	1		800224808	151	0			0				0		
QPRF00010483_00146	QPRF00010483	0	52057040	AFP	114200	1		800224808	103	0			0				0		
QPRF00010483_00147	QPRF00010483	0	52057040	AFP	278600	1		800224808	410	0			0				0		
QPRF00010483_00148	QPRF00010483	0	52057040	AFP	494400	1		800224808	512	0			0				0		
QPRF00010483_00149	QPRF00010483	0	52057040	AFP	555800	1		800224808	210	0			0				0		
QPRF00010483_00150	QPRF00010483	0	51057040	AFP	222000	1		800224808	93	0			0				0		11
QPRF00010483_00151	QPRF00010483	0	51057040	AFP	77200	1		800224808	98	0			0				0		510
QPRF00010483_00152	QPRF00010483	0	51057040	AFP	249600	1		800224808	93	0			0				0		12
QPRF00010483_00153	QPRF00010483	0	51057040	AFP	79800	1		800224808	100	0			0				0		28
