QPRF00010529_00001	QPRF00010529	0	51057040	SOLID	100	2		800224808	098	0			0				0		104
QPRF00010529_00002	QPRF00010529	0	52057040	SOLID	100	1		800224808	151	0			0				0		
QPRF00010530_00003	QPRF00010530	0	51057240	I.C.B.F	178800	1		899999239	100	0			0				0		028
QPRF00010531_00004	QPRF00010531	0	51057240	SENA	119200	1		899999034	100	0			0				0		028
QPRF00010532_00005	QPRF00010532	0	52057240	C.C.F	54900	1		891180008	630	0			0				0		
QPRF00010532_00006	QPRF00010532	0	51057240	C.C.F	28200	1		891180008	099	0			0				0		900
QPRF00010533_00007	QPRF00010533	0	52057240	C.C.F	225600	1		891080005	410	0			0				0		
QPRF00010533_00008	QPRF00010533	0	51057240	C.C.F	109200	1		891080005	098	0			0				0		410
QPRF00010534_00013	QPRF00010534	0	52057240	C.C.F	162800	1		890480023	511	0			0				0		
QPRF00010534_00012	QPRF00010534	0	52057240	C.C.F	179700	1		890480023	512	0			0				0		
QPRF00010534_00011	QPRF00010534	0	51057240	C.C.F	60300	1		890480023	098	0			0				0		510
QPRF00010534_00010	QPRF00010534	0	52057240	C.C.F	69200	1		890480023	503	0			0				0		
QPRF00010534_00009	QPRF00010534	0	51057240	C.C.F	136200	1		890480023	099	0			0				0		999
QPRF00010534_00014	QPRF00010534	0	52057240	C.C.F	614300	1		890480023	510	0			0				0		
QPRF00010535_00017	QPRF00010535	0	52057240	C.C.F	142700	1		890303208	201	0			0				0		
QPRF00010535_00016	QPRF00010535	0	51057240	C.C.F	93200	1		890303208	098	0			0				0		201
QPRF00010535_00015	QPRF00010535	0	52057240	C.C.F	246000	1		890303208	210	0			0				0		
QPRF00010536_00020	QPRF00010536	0	51057240	C.C.F	175300	1		890201578	098	0			0				0		701
QPRF00010536_00019	QPRF00010536	0	52057240	C.C.F	322700	1		890201578	702	0			0				0		
QPRF00010536_00018	QPRF00010536	0	52057240	C.C.F	367800	1		890201578	701	0			0				0		
QPRF00010536_00021	QPRF00010536	0	52057240	C.C.F	69200	1		890201578	721	0			0				0		
QPRF00010536_00022	QPRF00010536	0	51057240	C.C.F	25800	1		890201578	099	0			0				0		999
QPRF00010537_00023	QPRF00010537	0	52057240	C.C.F	535800	1		890101994	501	0			0				0		
QPRF00010537_00024	QPRF00010537	0	51057240	C.C.F	53900	1		890101994	099	0			0				0		999
QPRF00010537_00025	QPRF00010537	0	51057240	C.C.F	2600	1		890101994	099	0			0				0		900
QPRF00010537_00026	QPRF00010537	0	51057240	C.C.F	126900	1		890101994	098	0			0				0		501
QPRF00010537_00027	QPRF00010537	0	52057240	C.C.F	156400	1		890101994	510	0			0				0		
QPRF00010538_00031	QPRF00010538	0	51057240	C.C.F	98800	1		860066942	093	0			0				0		018
QPRF00010538_00030	QPRF00010538	0	51057240	C.C.F	25800	1		860066942	093	0			0				0		009
QPRF00010538_00029	QPRF00010538	0	51057240	C.C.F	172300	1		860066942	098	0			0				0		104
QPRF00010538_00028	QPRF00010538	0	51057240	C.C.F	544300	1		860066942	100	0			0				0		028
QPRF00010538_00032	QPRF00010538	0	52057240	C.C.F	22900	1		860066942	103	0			0				0		
QPRF00010538_00052	QPRF00010538	0	52057240	C.C.F	408900	1		860066942	151	0			0				0		
QPRF00010538_00051	QPRF00010538	0	51057240	C.C.F	28900	1		860066942	099	0			0				0		900
QPRF00010538_00050	QPRF00010538	0	51057240	C.C.F	174200	1		860066942	093	0			0				0		010
QPRF00010538_00049	QPRF00010538	0	51057240	C.C.F	64000	1		860066942	100	0			0				0		029
QPRF00010538_00048	QPRF00010538	0	51057240	C.C.F	51600	1		860066942	098	0			0				0		620
QPRF00010538_00047	QPRF00010538	0	51057240	C.C.F	26600	1		860066942	099	0			0				0		999
QPRF00010538_00046	QPRF00010538	0	51057240	C.C.F	36000	1		860066942	093	0			0				0		025
QPRF00010538_00045	QPRF00010538	0	51057240	C.C.F	23600	1		860066942	096	0			0				0		102
QPRF00010538_00044	QPRF00010538	0	51057240	C.C.F	97300	1		860066942	093	0			0				0		029
QPRF00010538_00043	QPRF00010538	0	51057240	C.C.F	56000	1		860066942	099	0			0				0		100
QPRF00010538_00042	QPRF00010538	0	51057240	C.C.F	28600	1		860066942	096	0			0				0		001
QPRF00010538_00033	QPRF00010538	0	51057240	C.C.F	211200	1		860066942	093	0			0				0		014
QPRF00010538_00034	QPRF00010538	0	52057240	C.C.F	20600	1		860066942	701	0			0				0		
QPRF00010538_00035	QPRF00010538	0	51057240	C.C.F	172900	1		860066942	093	0			0				0		017
QPRF00010538_00036	QPRF00010538	0	51057240	C.C.F	172000	1		860066942	093	0			0				0		012
QPRF00010538_00037	QPRF00010538	0	51057240	C.C.F	450300	1		860066942	098	0			0				0		151
QPRF00010538_00038	QPRF00010538	0	51057240	C.C.F	89100	1		860066942	100	0			0				0		027
QPRF00010538_00039	QPRF00010538	0	51057240	C.C.F	105000	1		860066942	098	0			0				0		102
QPRF00010538_00040	QPRF00010538	0	51057240	C.C.F	204700	1		860066942	093	0			0				0		011
QPRF00010538_00041	QPRF00010538	0	51057240	C.C.F	96700	1		860066942	098	0			0				0		109
QPRF00010539_00053	QPRF00010539	0	51056940	EPS	72500	1		830009783	093	0			0				0		017
QPRF00010540_00054	QPRF00010540	0	51056940	EPS	80544	1		830003564	093	0			0				0		021
QPRF00010541_00055	QPRF00010541	0	51056940	EPS	80544	1		800251440	093	0			0				0		014
QPRF00010541_00056	QPRF00010541	0	51056940	EPS	6	1		800251440	099	0			0				0		900
QPRF00010542_00058	QPRF00010542	0	52056940	EPS	13000	1		800250119	511	0			0				0		
QPRF00010542_00057	QPRF00010542	0	52056940	EPS	100	2		800250119	210	0			0				0		
QPRF00010542_00059	QPRF00010542	0	51056940	EPS	400	2		800250119	098	0			0				0		701
QPRF00010543_00061	QPRF00010543	0	51056940	EPS	20300	2		800130907	098	0			0				0		151
QPRF00010543_00060	QPRF00010543	0	52056940	EPS	800	1		800130907	702	0			0				0		
QPRF00010544_00062	QPRF00010544	0	51056940	EPS	506700	1		800088702	100	0			0				0		028
QPRF00010545_00063	QPRF00010545	0	52056803	ARP	14300	1		860008645	630	0			0				0		
QPRF00010545_00064	QPRF00010545	0	51056803	ARP	16700	1		860008645	100	0			0				0		029
QPRF00010546_00065	QPRF00010546	0	51056803	ARP	22000	1		860002503	093	0			0				0		010
QPRF00010546_00066	QPRF00010546	0	51056803	ARP	6100	1		860002503	096	0			0				0		102
QPRF00010546_00067	QPRF00010546	0	52056803	ARP	46900	1		860002503	512	0			0				0		
QPRF00010546_00068	QPRF00010546	0	52056803	ARP	18000	1		860002503	721	0			0				0		
QPRF00010546_00069	QPRF00010546	0	51056803	ARP	19400	1		860002503	093	0			0				0		029
QPRF00010546_00070	QPRF00010546	0	51056803	ARP	14600	1		860002503	099	0			0				0		100
QPRF00010546_00071	QPRF00010546	0	52056803	ARP	139800	1		860002503	501	0			0				0		
QPRF00010546_00072	QPRF00010546	0	51056803	ARP	13500	1		860002503	098	0			0				0		620
QPRF00010546_00073	QPRF00010546	0	51056803	ARP	24300	1		860002503	098	0			0				0		201
QPRF00010546_00074	QPRF00010546	0	52056803	ARP	58728	1		860002503	410	0			0				0		
QPRF00010546_00075	QPRF00010546	0	51056803	ARP	35700	1		860002503	093	0			0				0		014
QPRF00010546_00076	QPRF00010546	0	52056803	ARP	59500	1		860002503	210	0			0				0		
QPRF00010546_00077	QPRF00010546	0	51056803	ARP	15700	1		860002503	098	0			0				0		510
QPRF00010546_00078	QPRF00010546	0	51056803	ARP	15800	1		860002503	100	0			0				0		027
QPRF00010546_00079	QPRF00010546	0	52056803	ARP	74800	1		860002503	201	0			0				0		
QPRF00010546_00080	QPRF00010546	0	51056803	ARP	93000	1		860002503	100	0			0				0		028
QPRF00010546_00081	QPRF00010546	0	51056803	ARP	157528	1		860002503	098	0			0				0		151
QPRF00010546_00082	QPRF00010546	0	51056803	ARP	28528	1		860002503	098	0			0				0		410
QPRF00010546_00083	QPRF00010546	0	51056803	ARP	25300	1		860002503	098	0			0				0		109
QPRF00010546_00084	QPRF00010546	0	51056803	ARP	38100	1		860002503	093	0			0				0		011
QPRF00010546_00085	QPRF00010546	0	52056803	ARP	230294	1		860002503	702	0			0				0		
QPRF00010546_00086	QPRF00010546	0	51056803	ARP	84500	1		860002503	098	0			0				0		104
QPRF00010546_00087	QPRF00010546	0	52056803	ARP	42500	1		860002503	511	0			0				0		
QPRF00010546_00088	QPRF00010546	0	51056803	ARP	22500	1		860002503	093	0			0				0		012
QPRF00010546_00089	QPRF00010546	0	51056803	ARP	49800	1		860002503	096	0			0				0		001
QPRF00010546_00090	QPRF00010546	0	51056803	ARP	4700	1		860002503	093	0			0				0		025
QPRF00010546_00091	QPRF00010546	0	51056803	ARP	205969	1		860002503	099	0			0				0		999
QPRF00010546_00092	QPRF00010546	0	51056803	ARP	3400	1		860002503	093	0			0				0		021
QPRF00010546_00093	QPRF00010546	0	51056803	ARP	27400	1		860002503	098	0			0				0		102
QPRF00010546_00094	QPRF00010546	0	51056803	ARP	33200	1		860002503	098	0			0				0		501
QPRF00010546_00095	QPRF00010546	0	52056803	ARP	18100	1		860002503	503	0			0				0		
QPRF00010546_00096	QPRF00010546	0	52056803	ARP	235675	1		860002503	510	0			0				0		
QPRF00010546_00097	QPRF00010546	0	51056803	ARP	42206	1		860002503	099	0			0				0		900
QPRF00010546_00098	QPRF00010546	0	51056803	ARP	37400	1		860002503	098	0			0				0		701
QPRF00010546_00099	QPRF00010546	0	51056803	ARP	6728	1		860002503	093	0			0				0		009
QPRF00010546_00100	QPRF00010546	0	51056803	ARP	12800	1		860002503	093	0			0				0		018
QPRF00010546_00101	QPRF00010546	0	51056803	ARP	26228	1		860002503	093	0			0				0		017
QPRF00010546_00102	QPRF00010546	0	52056803	ARP	100700	1		860002503	151	0			0				0		
QPRF00010546_00103	QPRF00010546	0	52056803	ARP	6000	1		860002503	103	0			0				0		
QPRF00010546_00104	QPRF00010546	0	52056803	ARP	85928	1		860002503	701	0			0				0		
QPRF00010547_00108	QPRF00010547	0	52057040	AFP	99200	1		900336004	511	0			0				0		
QPRF00010547_00107	QPRF00010547	0	51057040	AFP	126000	1		900336004	093	0			0				0		014
QPRF00010547_00106	QPRF00010547	0	51057040	AFP	138000	1		900336004	093	0			0				0		029
QPRF00010547_00105	QPRF00010547	0	51057040	AFP	8600	1		900336004	099	0			0				0		900
QPRF00010547_00115	QPRF00010547	0	51057040	AFP	87200	1		900336004	093	0			0				0		012
QPRF00010547_00109	QPRF00010547	0	51057040	AFP	90000	1		900336004	098	0			0				0		201
QPRF00010547_00113	QPRF00010547	0	51057040	AFP	348000	1		900336004	100	0			0				0		028
QPRF00010547_00112	QPRF00010547	0	52057040	AFP	226000	1		900336004	151	0			0				0		
QPRF00010547_00111	QPRF00010547	0	52057040	AFP	80600	1		900336004	501	0			0				0		
QPRF00010547_00110	QPRF00010547	0	51057040	AFP	312200	1		900336004	098	0			0				0		151
QPRF00010547_00114	QPRF00010547	0	52057040	AFP	160200	1		900336004	702	0			0				0		
QPRF00010548_00127	QPRF00010548	0	51057040	AFP	510500	1		800229739	099	0			0				0		999
QPRF00010548_00128	QPRF00010548	0	51057040	AFP	399400	1		800229739	093	0			0				0		014
QPRF00010548_00129	QPRF00010548	0	51057040	AFP	168000	1		800229739	099	0			0				0		100
QPRF00010548_00130	QPRF00010548	0	51057040	AFP	102000	1		800229739	093	0			0				0		012
QPRF00010548_00126	QPRF00010548	0	52057040	AFP	163900	1		800229739	410	0			0				0		
QPRF00010548_00125	QPRF00010548	0	51057040	AFP	153800	1		800229739	093	0			0				0		029
QPRF00010548_00124	QPRF00010548	0	52057040	AFP	1072000	1		800229739	501	0			0				0		
QPRF00010548_00123	QPRF00010548	0	51057040	AFP	104200	1		800229739	098	0			0				0		501
QPRF00010548_00122	QPRF00010548	0	51057040	AFP	170000	1		800229739	100	0			0				0		027
QPRF00010548_00121	QPRF00010548	0	51057040	AFP	108000	1		800229739	093	0			0				0		025
QPRF00010548_00120	QPRF00010548	0	51057040	AFP	100800	1		800229739	098	0			0				0		151
QPRF00010548_00119	QPRF00010548	0	52057040	AFP	1735800	1		800229739	510	0			0				0		
QPRF00010548_00118	QPRF00010548	0	51057040	AFP	1040400	1		800229739	100	0			0				0		028
QPRF00010548_00117	QPRF00010548	0	51057040	AFP	380800	1		800229739	093	0			0				0		017
QPRF00010548_00116	QPRF00010548	0	51057040	AFP	204200	1		800229739	098	0			0				0		109
QPRF00010548_00131	QPRF00010548	0	51057040	AFP	414000	1		800229739	093	0			0				0		011
QPRF00010548_00143	QPRF00010548	0	51057040	AFP	329400	1		800229739	098	0			0				0		701
QPRF00010548_00142	QPRF00010548	0	51057040	AFP	86000	1		800229739	096	0			0				0		001
QPRF00010548_00141	QPRF00010548	0	51057040	AFP	155000	1		800229739	098	0			0				0		620
QPRF00010548_00140	QPRF00010548	0	52057040	AFP	477100	1		800229739	702	0			0				0		
QPRF00010548_00139	QPRF00010548	0	51057040	AFP	193800	1		800229739	093	0			0				0		010
QPRF00010548_00138	QPRF00010548	0	52057040	AFP	580800	1		800229739	701	0			0				0		
QPRF00010548_00137	QPRF00010548	0	52057040	AFP	219200	1		800229739	511	0			0				0		
QPRF00010548_00136	QPRF00010548	0	52057040	AFP	94500	1		800229739	210	0			0				0		
QPRF00010548_00135	QPRF00010548	0	51057040	AFP	166400	1		800229739	098	0			0				0		410
QPRF00010548_00134	QPRF00010548	0	52057040	AFP	81600	1		800229739	512	0			0				0		
QPRF00010548_00133	QPRF00010548	0	51057040	AFP	192800	1		800229739	093	0			0				0		018
QPRF00010548_00132	QPRF00010548	0	51057040	AFP	51532	1		800229739	099	0			0				0		900
QPRF00010549_00144	QPRF00010549	0	51057040	AFP	221000	1		800227940	098	0			0				0		102
QPRF00010549_00156	QPRF00010549	0	52057040	AFP	267000	1		800227940	201	0			0				0		
QPRF00010549_00155	QPRF00010549	0	51057040	AFP	77300	1		800227940	098	0			0				0		151
QPRF00010549_00154	QPRF00010549	0	51057040	AFP	108000	1		800227940	093	0			0				0		014
QPRF00010549_00153	QPRF00010549	0	51057040	AFP	160800	1		800227940	100	0			0				0		028
QPRF00010549_00152	QPRF00010549	0	52057040	AFP	186400	1		800227940	511	0			0				0		
QPRF00010549_00157	QPRF00010549	0	51057040	AFP	103600	1		800227940	093	0			0				0		018
QPRF00010549_00150	QPRF00010549	0	52057040	AFP	199000	1		800227940	501	0			0				0		
QPRF00010549_00149	QPRF00010549	0	51057040	AFP	77300	1		800227940	098	0			0				0		410
QPRF00010549_00148	QPRF00010549	0	52057040	AFP	255600	1		800227940	510	0			0				0		
QPRF00010549_00147	QPRF00010549	0	51057040	AFP	88200	1		800227940	098	0			0				0		104
QPRF00010549_00146	QPRF00010549	0	51057040	AFP	40800	1		800227940	099	0			0				0		900
QPRF00010549_00145	QPRF00010549	0	52057040	AFP	84400	1		800227940	410	0			0				0		
QPRF00010549_00151	QPRF00010549	0	52057040	AFP	199800	1		800227940	512	0			0				0		
QPRF00010550_00158	QPRF00010550	0	51057040	AFP	102600	1		800224808	100	0			0				0		027
QPRF00010550_00191	QPRF00010550	0	52057040	AFP	166400	1		800224808	201	0			0				0		
QPRF00010550_00160	QPRF00010550	0	51057040	AFP	189800	1		800224808	098	0			0				0		201
QPRF00010550_00161	QPRF00010550	0	51057040	AFP	429000	1		800224808	098	0			0				0		104
QPRF00010550_00162	QPRF00010550	0	52057040	AFP	602800	1		800224808	701	0			0				0		
QPRF00010550_00163	QPRF00010550	0	51057040	AFP	860400	1		800224808	098	0			0				0		151
QPRF00010550_00164	QPRF00010550	0	51057040	AFP	94200	1		800224808	098	0			0				0		102
QPRF00010550_00165	QPRF00010550	0	51057040	AFP	181000	1		800224808	098	0			0				0		510
QPRF00010550_00166	QPRF00010550	0	51057040	AFP	85600	1		800224808	098	0			0				0		109
QPRF00010550_00167	QPRF00010550	0	52057040	AFP	257800	1		800224808	512	0			0				0		
QPRF00010550_00168	QPRF00010550	0	52057040	AFP	164800	1		800224808	630	0			0				0		
QPRF00010550_00169	QPRF00010550	0	51057040	AFP	84000	1		800224808	098	0			0				0		410
QPRF00010550_00170	QPRF00010550	0	51057040	AFP	78310	1		800224808	099	0			0				0		900
QPRF00010550_00171	QPRF00010550	0	52057040	AFP	642600	1		800224808	210	0			0				0		
QPRF00010550_00172	QPRF00010550	0	52057040	AFP	82800	1		800224808	511	0			0				0		
QPRF00010550_00173	QPRF00010550	0	51057040	AFP	81000	1		800224808	096	0			0				0		102
QPRF00010550_00174	QPRF00010550	0	52057040	AFP	255400	1		800224808	501	0			0				0		
QPRF00010550_00175	QPRF00010550	0	51057040	AFP	166600	1		800224808	093	0			0				0		017
QPRF00010550_00176	QPRF00010550	0	52057040	AFP	207400	1		800224808	503	0			0				0		
QPRF00010550_00177	QPRF00010550	0	51057040	AFP	195000	1		800224808	098	0			0				0		701
QPRF00010550_00178	QPRF00010550	0	52057040	AFP	333900	1		800224808	702	0			0				0		
QPRF00010550_00179	QPRF00010550	0	52057040	AFP	68600	1		800224808	103	0			0				0		
QPRF00010550_00180	QPRF00010550	0	51057040	AFP	241700	1		800224808	099	0			0				0		999
QPRF00010550_00181	QPRF00010550	0	51057040	AFP	332400	1		800224808	093	0			0				0		012
QPRF00010550_00182	QPRF00010550	0	51057040	AFP	276400	1		800224808	098	0			0				0		501
QPRF00010550_00183	QPRF00010550	0	52057040	AFP	320400	1		800224808	510	0			0				0		
QPRF00010550_00184	QPRF00010550	0	52057040	AFP	1001000	1		800224808	151	0			0				0		
QPRF00010550_00185	QPRF00010550	0	51057040	AFP	328600	1		800224808	093	0			0				0		010
QPRF00010550_00186	QPRF00010550	0	52057040	AFP	428800	1		800224808	410	0			0				0		
QPRF00010550_00187	QPRF00010550	0	52057040	AFP	210200	1		800224808	721	0			0				0		
QPRF00010550_00188	QPRF00010550	0	51057040	AFP	226400	1		800224808	093	0			0				0		011
QPRF00010550_00189	QPRF00010550	0	51057040	AFP	77300	1		800224808	093	0			0				0		009
QPRF00010550_00190	QPRF00010550	0	51057040	AFP	84000	1		800224808	100	0			0				0		028
QPRF00010550_00159	QPRF00010550	0	51057040	AFP	192000	1		800224808	100	0			0				0		029
