QPRV00023690_00002	QPRV00023690	0	52054501	503	2000	1		832004104	093	0			0				0		017
QPRV00023690_00001	QPRV00023690	0	261095	503	2000	2		832004104	093	0			0				0		017
QPRV00023691_00005	QPRV00023691	0	510533	190	10489	1		832004104	100	0			0				0		029
QPRV00023691_00006	QPRV00023691	0	510533	190	76101	1		832004104	098	0			0				0		104
QPRV00023691_00007	QPRV00023691	0	520533	190	193228	1		832004104	701	0			0				0		
QPRV00023691_00008	QPRV00023691	0	510533	190	31589	1		832004104	098	0			0				0		620
QPRV00023691_00009	QPRV00023691	0	510533	190	10733	1		832004104	099	0			0				0		100
QPRV00023691_00010	QPRV00023691	0	520533	190	218029	1		832004104	501	0			0				0		
QPRV00023691_00011	QPRV00023691	0	510533	190	99582	1		832004104	099	0			0				0		999
QPRV00023691_00012	QPRV00023691	0	510533	190	66492	1		832004104	093	0			0				0		017
QPRV00023691_00013	QPRV00023691	0	520533	190	365	1		832004104	102	0			0				0		
QPRV00023691_00014	QPRV00023691	0	520533	190	57405	1		832004104	512	0			0				0		
QPRV00023691_00015	QPRV00023691	0	510533	190	211203	1		832004104	098	0			0				0		151
QPRV00023691_00016	QPRV00023691	0	510533	190	27403	1		832004104	100	0			0				0		027
QPRV00023691_00017	QPRV00023691	0	510533	190	69255	2		832004104	100	0			0				0		027
QPRV00023691_00018	QPRV00023691	0	510533	190	53405	1		832004104	093	0			0				0		018
QPRV00023691_00019	QPRV00023691	0	510533	190	83079	1		832004104	093	0			0				0		010
QPRV00023691_00020	QPRV00023691	0	520533	190	39232	1		832004104	151	0			0				0		
QPRV00023691_00021	QPRV00023691	0	510533	190	84366	1		832004104	093	0			0				0		012
QPRV00023691_00043	QPRV00023691	0	520533	190	56975	1		832004104	201	0			0				0		
QPRV00023691_00023	QPRV00023691	0	520533	190	308688	1		832004104	510	0			0				0		
QPRV00023691_00024	QPRV00023691	0	510533	190	103784	1		832004104	093	0			0				0		014
QPRV00023691_00025	QPRV00023691	0	510533	190	49094	1		832004104	098	0			0				0		510
QPRV00023691_00026	QPRV00023691	0	510533	190	72283	1		832004104	098	0			0				0		410
QPRV00023691_00027	QPRV00023691	0	510533	190	50107	1		832004104	098	0			0				0		109
QPRV00023691_00028	QPRV00023691	0	510533	190	94519	1		832004104	098	0			0				0		701
QPRV00023691_00029	QPRV00023691	0	510533	190	126662	2		832004104	100	0			0				0		028
QPRV00023691_00030	QPRV00023691	0	510533	190	80180	1		832004104	098	0			0				0		501
QPRV00023691_00031	QPRV00023691	0	520533	190	13137	1		832004104	630	0			0				0		
QPRV00023691_00032	QPRV00023691	0	520533	190	114188	1		832004104	511	0			0				0		
QPRV00023691_00033	QPRV00023691	0	520533	190	25037	1		832004104	721	0			0				0		
QPRV00023691_00034	QPRV00023691	0	520533	190	4082	1		832004104	103	0			0				0		
QPRV00023691_00035	QPRV00023691	0	510533	190	105534	1		832004104	093	0			0				0		011
QPRV00023691_00036	QPRV00023691	0	520533	190	105041	1		832004104	702	0			0				0		
QPRV00023691_00037	QPRV00023691	0	520533	190	111628	1		832004104	210	0			0				0		
QPRV00023691_00038	QPRV00023691	0	510533	190	13250	1		832004104	093	0			0				0		009
QPRV00023691_00039	QPRV00023691	0	510533	190	17097	1		832004104	093	0			0				0		025
QPRV00023691_00040	QPRV00023691	0	510533	190	47786	1		832004104	093	0			0				0		029
QPRV00023691_00041	QPRV00023691	0	510533	190	43628	1		832004104	098	0			0				0		201
QPRV00023691_00042	QPRV00023691	0	520533	190	117067	1		832004104	410	0			0				0		
QPRV00023691_00004	QPRV00023691	0	510533	190	39088	1		832004104	098	0			0				0		102
QPRV00023691_00003	QPRV00023691	0	510533	190	96046	1		832004104	100	0			0				0		028
QPRV00023691_00022	QPRV00023691	0	510533	190	27752	1		832004104	096	0			0				0		001
QPRV00023692_00044	QPRV00023692	0	51053040	175	213561	1		832004104	093	0			0				0		029
QPRV00023692_00045	QPRV00023692	0	51053040	175	81166	1		832004104	093	0			0				0		025
QPRV00023692_00046	QPRV00023692	0	51053040	175	365300	1		832004104	093	0			0				0		010
QPRV00023692_00047	QPRV00023692	0	52053040	175	543655	1		832004104	410	0			0				0		
QPRV00023692_00048	QPRV00023692	0	51053040	175	450604	1		832004104	093	0			0				0		014
QPRV00023692_00049	QPRV00023692	0	52053040	175	68338	1		832004104	103	0			0				0		
QPRV00023692_00050	QPRV00023692	0	51053040	175	366496	1		832004104	098	0			0				0		104
QPRV00023692_00051	QPRV00023692	0	51053040	175	439826	1		832004104	098	0			0				0		701
QPRV00023692_00052	QPRV00023692	0	51053040	175	116667	1		832004104	099	0			0				0		100
QPRV00023692_00053	QPRV00023692	0	52053040	175	98942	2		832004104	510	0			0				0		
QPRV00023692_00054	QPRV00023692	0	52053040	175	449719	1		832004104	210	0			0				0		
QPRV00023692_00055	QPRV00023692	0	52053040	175	271223	1		832004104	201	0			0				0		
QPRV00023692_00056	QPRV00023692	0	52053040	175	664776	1		832004104	702	0			0				0		
QPRV00023692_00057	QPRV00023692	0	52053040	175	292563	1		832004104	512	0			0				0		
QPRV00023692_00058	QPRV00023692	0	51053040	175	345981	1		832004104	098	0			0				0		410
QPRV00023692_00059	QPRV00023692	0	51053040	175	718415	1		832004104	099	0			0				0		999
QPRV00023692_00060	QPRV00023692	0	51053040	175	132150	1		832004104	100	0			0				0		027
QPRV00023692_00061	QPRV00023692	0	51053040	175	784112	1		832004104	100	0			0				0		028
QPRV00023692_00062	QPRV00023692	0	51053040	175	55545	1		832004104	093	0			0				0		009
QPRV00023692_00063	QPRV00023692	0	51053040	175	582801	1		832004104	098	0			0				0		501
QPRV00023692_00064	QPRV00023692	0	52053040	175	1468837	1		832004104	510	0			0				0		
QPRV00023692_00065	QPRV00023692	0	51053040	175	229761	1		832004104	098	0			0				0		102
QPRV00023692_00066	QPRV00023692	0	51053040	175	150453	1		832004104	098	0			0				0		620
QPRV00023692_00067	QPRV00023692	0	51053040	175	206780	1		832004104	098	0			0				0		201
QPRV00023692_00068	QPRV00023692	0	52053040	175	520205	1		832004104	511	0			0				0		
QPRV00023692_00069	QPRV00023692	0	51053040	175	468883	1		832004104	093	0			0				0		011
QPRV00023692_00070	QPRV00023692	0	51053040	175	1273331	1		832004104	098	0			0				0		151
QPRV00023692_00071	QPRV00023692	0	51053040	175	132863	1		832004104	096	0			0				0		001
QPRV00023692_00072	QPRV00023692	0	52053040	175	383449	1		832004104	151	0			0				0		
QPRV00023692_00073	QPRV00023692	0	51053040	175	133333	1		832004104	100	0			0				0		029
QPRV00023692_00074	QPRV00023692	0	52053040	175	73098	1		832004104	102	0			0				0		
QPRV00023692_00075	QPRV00023692	0	51053040	175	576954	1		832004104	093	0			0				0		017
QPRV00023692_00076	QPRV00023692	0	51053040	175	269343	1		832004104	098	0			0				0		510
QPRV00023692_00077	QPRV00023692	0	51053040	175	225748	1		832004104	098	0			0				0		109
QPRV00023692_00078	QPRV00023692	0	51053040	175	457489	1		832004104	093	0			0				0		012
QPRV00023692_00079	QPRV00023692	0	52053040	175	1061992	1		832004104	501	0			0				0		
QPRV00023692_00080	QPRV00023692	0	52053040	175	163555	1		832004104	630	0			0				0		
QPRV00023692_00081	QPRV00023692	0	51053040	175	635995	2		832004104	100	0			0				0		027
QPRV00023692_00082	QPRV00023692	0	52053040	175	893954	1		832004104	701	0			0				0		
QPRV00023692_00083	QPRV00023692	0	51053040	175	217489	1		832004104	093	0			0				0		018
QPRV00023692_00084	QPRV00023692	0	51053040	175	1154333	2		832004104	100	0			0				0		028
QPRV00023692_00085	QPRV00023692	0	52053040	175	173093	1		832004104	721	0			0				0		
QPRV00023693_00086	QPRV00023693	0	520539	145	415172	1		832004104	701	0			0				0		
QPRV00023693_00124	QPRV00023693	0	520539	145	29244	1		832004104	103	0			0				0		
QPRV00023693_00088	QPRV00023693	0	520539	145	150945	1		832004104	201	0			0				0		
QPRV00023693_00089	QPRV00023693	0	510539	145	155718	1		832004104	093	0			0				0		009
QPRV00023693_00090	QPRV00023693	0	510539	145	182458	1		832004104	093	0			0				0		014
QPRV00023693_00091	QPRV00023693	0	510539	145	37500	1		832004104	093	0			0				0		025
QPRV00023693_00092	QPRV00023693	0	510539	145	629754	1		832004104	098	0			0				0		151
QPRV00023693_00093	QPRV00023693	0	510539	145	209834	1		832004104	093	0			0				0		012
QPRV00023693_00094	QPRV00023693	0	510539	145	58333	1		832004104	099	0			0				0		100
QPRV00023693_00095	QPRV00023693	0	510539	145	63122	1		832004104	098	0			0				0		701
QPRV00023693_00096	QPRV00023693	0	510539	145	181417	1		832004104	093	0			0				0		010
QPRV00023693_00097	QPRV00023693	0	510539	145	147985	1		832004104	098	0			0				0		510
QPRV00023693_00098	QPRV00023693	0	520539	145	147005	1		832004104	512	0			0				0		
QPRV00023693_00099	QPRV00023693	0	520539	145	80204	1		832004104	721	0			0				0		
QPRV00023693_00100	QPRV00023693	0	510539	145	47917	1		832004104	093	0			0				0		029
QPRV00023693_00101	QPRV00023693	0	510539	145	222416	1		832004104	093	0			0				0		011
QPRV00023693_00102	QPRV00023693	0	510539	145	57250	1		832004104	100	0			0				0		027
QPRV00023693_00103	QPRV00023693	0	520539	145	212953	1		832004104	511	0			0				0		
QPRV00023693_00104	QPRV00023693	0	510539	145	28333	1		832004104	098	0			0				0		109
QPRV00023693_00105	QPRV00023693	0	510539	145	403009	1		832004104	098	0			0				0		104
QPRV00023693_00106	QPRV00023693	0	510539	145	55187	1		832004104	096	0			0				0		001
QPRV00023693_00107	QPRV00023693	0	520539	145	209764	1		832004104	151	0			0				0		
QPRV00023693_00108	QPRV00023693	0	510539	145	99699	1		832004104	098	0			0				0		620
QPRV00023693_00109	QPRV00023693	0	510539	145	153004	1		832004104	093	0			0				0		018
QPRV00023693_00110	QPRV00023693	0	510539	145	99287	1		832004104	098	0			0				0		102
QPRV00023693_00111	QPRV00023693	0	520539	145	266705	1		832004104	410	0			0				0		
QPRV00023693_00112	QPRV00023693	0	510539	145	886715	1		832004104	100	0			0				0		028
QPRV00023693_00113	QPRV00023693	0	520539	145	886088	1		832004104	510	0			0				0		
QPRV00023693_00114	QPRV00023693	0	520539	145	358627	1		832004104	702	0			0				0		
QPRV00023693_00115	QPRV00023693	0	510539	145	541879	1		832004104	098	0			0				0		501
QPRV00023693_00116	QPRV00023693	0	510539	145	189353	1		832004104	098	0			0				0		410
QPRV00023693_00117	QPRV00023693	0	510539	145	311270	1		832004104	099	0			0				0		999
QPRV00023693_00118	QPRV00023693	0	510539	145	66666	1		832004104	100	0			0				0		029
QPRV00023693_00119	QPRV00023693	0	510539	145	198957	1		832004104	093	0			0				0		017
QPRV00023693_00120	QPRV00023693	0	520539	145	246456	1		832004104	210	0			0				0		
QPRV00023693_00121	QPRV00023693	0	520539	145	13424	1		832004104	102	0			0				0		
QPRV00023693_00122	QPRV00023693	0	520539	145	73380	1		832004104	630	0			0				0		
QPRV00023693_00123	QPRV00023693	0	510539	145	97734	1		832004104	098	0			0				0		201
QPRV00023693_00087	QPRV00023693	0	520539	145	316863	1		832004104	501	0			0				0		
QPRV00023694_00125	QPRV00023694	0	520536	130	664602	1		832004104	702	0			0				0		
QPRV00023694_00163	QPRV00023694	0	510536	130	366496	1		832004104	098	0			0				0		104
QPRV00023694_00127	QPRV00023694	0	520536	130	1061992	1		832004104	501	0			0				0		
QPRV00023694_00128	QPRV00023694	0	510536	130	439825	1		832004104	098	0			0				0		701
QPRV00023694_00129	QPRV00023694	0	510536	130	133334	1		832004104	100	0			0				0		029
QPRV00023694_00130	QPRV00023694	0	510536	130	81167	1		832004104	093	0			0				0		025
QPRV00023694_00131	QPRV00023694	0	510536	130	229761	1		832004104	098	0			0				0		102
QPRV00023694_00132	QPRV00023694	0	520536	130	292564	1		832004104	512	0			0				0		
QPRV00023694_00133	QPRV00023694	0	510536	130	208562	1		832004104	093	0			0				0		029
QPRV00023694_00134	QPRV00023694	0	510536	130	582801	1		832004104	098	0			0				0		501
QPRV00023694_00135	QPRV00023694	0	520536	130	153509	1		832004104	721	0			0				0		
QPRV00023694_00136	QPRV00023694	0	510536	130	345982	1		832004104	098	0			0				0		410
QPRV00023694_00137	QPRV00023694	0	510536	130	194240	1		832004104	093	0			0				0		018
QPRV00023694_00138	QPRV00023694	0	510536	130	269345	1		832004104	098	0			0				0		510
QPRV00023694_00139	QPRV00023694	0	510536	130	150454	1		832004104	098	0			0				0		620
QPRV00023694_00140	QPRV00023694	0	520536	130	68339	1		832004104	103	0			0				0		
QPRV00023694_00141	QPRV00023694	0	510536	130	457773	1		832004104	093	0			0				0		011
QPRV00023694_00142	QPRV00023694	0	510536	130	365301	1		832004104	093	0			0				0		010
QPRV00023694_00143	QPRV00023694	0	510536	130	55546	1		832004104	093	0			0				0		009
QPRV00023694_00144	QPRV00023694	0	510536	130	442273	1		832004104	093	0			0				0		014
QPRV00023694_00145	QPRV00023694	0	520536	130	98942	2		832004104	510	0			0				0		
QPRV00023694_00146	QPRV00023694	0	510536	130	910945	1		832004104	100	0			0				0		028
QPRV00023694_00147	QPRV00023694	0	510536	130	116667	1		832004104	099	0			0				0		100
QPRV00023694_00148	QPRV00023694	0	510536	130	457492	1		832004104	093	0			0				0		012
QPRV00023694_00149	QPRV00023694	0	520536	130	163556	1		832004104	630	0			0				0		
QPRV00023694_00150	QPRV00023694	0	510536	130	225766	1		832004104	098	0			0				0		109
QPRV00023694_00151	QPRV00023694	0	510536	130	1275410	1		832004104	098	0			0				0		151
QPRV00023694_00152	QPRV00023694	0	510536	130	132863	1		832004104	096	0			0				0		001
QPRV00023694_00153	QPRV00023694	0	510536	130	576955	1		832004104	093	0			0				0		017
QPRV00023694_00154	QPRV00023694	0	520536	130	271220	1		832004104	201	0			0				0		
QPRV00023694_00155	QPRV00023694	0	520536	130	539487	1		832004104	410	0			0				0		
QPRV00023694_00156	QPRV00023694	0	520536	130	383450	1		832004104	151	0			0				0		
QPRV00023694_00157	QPRV00023694	0	510536	130	206780	1		832004104	098	0			0				0		201
QPRV00023694_00158	QPRV00023694	0	520536	130	1468838	1		832004104	510	0			0				0		
QPRV00023694_00159	QPRV00023694	0	510536	130	718417	1		832004104	099	0			0				0		999
QPRV00023694_00160	QPRV00023694	0	510536	130	194223	1		832004104	100	0			0				0		027
QPRV00023694_00161	QPRV00023694	0	520536	130	893954	1		832004104	701	0			0				0		
QPRV00023694_00162	QPRV00023694	0	520536	130	449720	1		832004104	210	0			0				0		
QPRV00023694_00126	QPRV00023694	0	520536	130	520207	1		832004104	511	0			0				0		
