QNOM000006QNOM000006         0    1365953525  PRES    100000         2           900428423001                0                             0                                       0
QNOM000006QNOM000006         0    520518528  COMIS    154933         1           900428423520                0                             0                                       0
QNOM000006QNOM000006         0    520518500  AJUST    329425         1           900428423001                0                             0                                       0
QNOM000006QNOM000006         0    252005131  AJUST     12952         1           900428423100                0                             0                                       0          100
QNOM000006QNOM000006         0    510546508  AUX E    910000         1           900428423100                0                             0                                       0          100
QNOM000006QNOM000006         0    252005130  PRIMA   3467890         1           900428423100                0                             0                                       0          100
QNOM000006QNOM000006         0  237045043539  AHOR    132439         2           900428423100                0                             0                                       0          100
QNOM000006QNOM000006         0    5205063125  SUSP     94364         2           900428423001                0                             0                                       0
QNOM000006QNOM000006         0    520546506  AUX E    859000         1           900428423001                0                             0                                       0
QNOM000006QNOM000006         0  237005403010  APOR    147500         2           900428423520                0                             0                                       0
QNOM000006QNOM000006         0    520546508  AUX E   1056000         1           900428423001                0                             0                                       0
QNOM000006QNOM000006         0  237045043551  DESC     49000         2           900428423001                0                             0                                       0
QNOM000006QNOM000006         0  237005403010  APOR    128800         2           900428423103                0                             0                                       0
QNOM000006QNOM000006         0  237045043555  PRES     90045         2           900428423100                0                             0                                       0          018
QNOM000006QNOM000006         0    5105061  SUELDO     737000         1           900428423100                0                             0                                       0          018
QNOM000006QNOM000006         0    520527120  SUBSI    150220         1           900428423103                0                             0                                       0
QNOM000006QNOM000006         0    1365953534  DESC     11282         2           900428423103                0                             0                                       0
QNOM000006QNOM000006         0  237005403010  APOR     42700         2           900428423093                0                             0                                       0          011
QNOM000006QNOM000006         0  237045043553  FEMC     12000         2           900428423093                0                             0                                       0          011
QNOM000006QNOM000006         0    5105061  SUELDO    1068000         1           900428423093                0                             0                                       0          011
QNOM000006QNOM000006         0  237045043544  PRES    200000         2           900428423100                0                             0                                       0          100
QNOM000006QNOM000006         0    252505150  VACAC      3335         1           900428423520                0                             0                                       0
QNOM000006QNOM000006         0    251010185  CESAN     12911         1           900428423520                0                             0                                       0
QNOM000006QNOM000006         0  237005403010  APOR    267100         2           900428423100                0                             0                                       0          100
QNOM000006QNOM000006         0    5105061  SUELDO    3370000         1           900428423100                0                             0                                       0          100
QNOM000006QNOM000006         0    2365053014  RETE    206000         2           900428423100                0                             0                 100                   0          100
QNOM000006QNOM000006         0  237045043539  AHOR    188221         2           900428423093                0                             0                                       0          020
QNOM000006QNOM000006         0  237005403010  APOR    251000         2           900428423093                0                             0                                       0          020
QNOM000006QNOM000006         0    5105063  SALARIO   1792583         1           900428423093                0                             0                                       0          020
QNOM000006QNOM000006         0    520527120  SUBSI    463610         1           900428423001                0                             0                                       0
QNOM000006QNOM000006         0    520518513  COMIS    350000         1           900428423001                0                             0                                       0
QNOM000006QNOM000006         0    520518518  COMIS    122484         1           900428423001                0                             0                                       0
QNOM000006QNOM000006         0  237045043544  PRES    179582         2           900428423001                0                             0                                       0
QNOM000006QNOM000006         0    520546508  AUX E    275000         1           900428423520                0                             0                                       0
QNOM000006QNOM000006         0    520546508  AUX E    167000         1           900428423103                0                             0                                       0
QNOM000006QNOM000006         0    520518523  COMIS    786250         1           900428423520                0                             0                                       0
QNOM000006QNOM000006         0    510546506  AUX E    547000         1           900428423100                0                             0                                       0          100
QNOM000006QNOM000006         0    520518518  COMIS    279660         1           900428423520                0                             0                                       0
QNOM000006QNOM000006         0    510518528  COMIS   3137782         1           900428423100                0                             0                                       0          100
QNOM000006QNOM000006         0  238030403020  APOR    251000         2           900428423093                0                             0                                       0          020
QNOM000006QNOM000006         0  237045043539  AHOR    326336         2           900428423001                0                             0                                       0
QNOM000006QNOM000006         0    252005131  AJUST     86973         1           900428423001                0                             0                                       0
QNOM000006QNOM000006         0    520546506  AUX E    380000         1           900428423520                0                             0                                       0
QNOM000006QNOM000006         0    520518523  COMIS   2755077         1           900428423001                0                             0                                       0
QNOM000006QNOM000006         0    1365953526  DESU    106897         2           900428423001                0                             0                                       0
QNOM000006QNOM000006         0    5205061  SUELDO    2252000         1           900428423103                0                             0                                       0
QNOM000006QNOM000006         0  238030403020  APOR    128800         2           900428423103                0                             0                                       0
QNOM000006QNOM000006         0    520518518  COMIS     58128         1           900428423103                0                             0                                       0
QNOM000006QNOM000006         0  237005403010  APOR     29500         2           900428423100                0                             0                                       0          018
QNOM000006QNOM000006         0  237045043539  AHOR    106800         2           900428423093                0                             0                                       0          011
QNOM000006QNOM000006         0    252005131  AJUST      6475         1           900428423093                0                             0                                       0          011
QNOM000006QNOM000006         0  281506023518  LIBR    206893         2           900428423100                0                             0                                       0          100
QNOM000006QNOM000006         0    252005131  AJUST         1         2           900428423001                0                             0                                       0
QNOM000006QNOM000006         0  237045043555  PRES    157849         2           900428423520                0                             0                                       0
QNOM000006QNOM000006         0    252505145  VACAC     47939         1           900428423001                0                             0                                       0
QNOM000006QNOM000006         0    252505145  VACAC    169654         1           900428423100                0                             0                                       0          100
QNOM000006QNOM000006         0    1365953538  PRÉS    635550         2           900428423100                0                             0                                       0          100
QNOM000006QNOM000006         0  237045043555  PRES    667207         2           900428423100                0                             0                                       0          100
QNOM000006QNOM000006         0    136595501  ANTIC   2800000         1           900428423093                0                             0                                       0          020
QNOM000006QNOM000006         0    1365953503  DESC     47917         2           900428423093                0                             0                                       0          020
QNOM000006QNOM000006         0    52051555  HORA E    250616         1           900428423001                0                             0                                       0
QNOM000006QNOM000006         0    5205061  SUELDO    2556455         1           900428423520                0                             0                                       0
QNOM000006QNOM000006         0  237045043539  AHOR     51570         2           900428423103                0                             0                                       0
QNOM000006QNOM000006         0    252005131  AJUST     12835         1           900428423103                0                             0                                       0
QNOM000006QNOM000006         0  237045043555  PRES    156426         2           900428423093                0                             0                                       0          011
QNOM000006QNOM000006         0    510546506  AUX E    214000         1           900428423093                0                             0                                       0          011
QNOM000006QNOM000006         0  238030403020  APOR     42700         2           900428423093                0                             0                                       0          011
QNOM000006QNOM000006         0    510527120  SUBSI    155400         1           900428423100                0                             0                                       0          100
QNOM000006QNOM000006         0  237045043551  DESC      7000         2           900428423100                0                             0                                       0          100
QNOM000006QNOM000006         0    4210053506  DESC       576         2           900428423001                0                             0                                       0
QNOM000006QNOM000006         0  281506013517  LIBR    158002         2           900428423001                0                             0                                       0
QNOM000006QNOM000006         0  237045043539  AHOR     70000         2           900428423520                0                             0                                       0
QNOM000006QNOM000006         0  238030403023  APOR     62700         2           900428423093                0                             0                                       0          020
QNOM000006QNOM000006         0    1365953500  ANTI   2800000         2           900428423093                0                             0                                       0          020
QNOM000006QNOM000006         0    1365953528  DESC    930195         2           900428423093                0                             0                                       0          020
QNOM000006QNOM000006         0    510546508  AUX E    476000         1           900428423093                0                             0                                       0          020
QNOM000006QNOM000006         0  237045043541  AHOR    621385         2           900428423001                0                             0                                       0
QNOM000006QNOM000006         0  238030403020  APOR    423600         2           900428423001                0                             0                                       0
QNOM000006QNOM000006         0    252005130  PRIMA   5544043         1           900428423001                0                             0                                       0
QNOM000006QNOM000006         0  238030403020  APOR    147500         2           900428423520                0                             0                                       0
QNOM000006QNOM000006         0  237045043550  DESC     54600         2           900428423001                0                             0                                       0
QNOM000006QNOM000006         0    252005130  PRIMA   1817252         1           900428423103                0                             0                                       0
QNOM000006QNOM000006         0  237045043539  AHOR     33165         2           900428423100                0                             0                                       0          018
QNOM000006QNOM000006         0  238030403020  APOR     29500         2           900428423100                0                             0                                       0          018
QNOM000006QNOM000006         0  281506023518  LIBR    210819         2           900428423001                0                             0                                       0
QNOM000006QNOM000006         0    1365953526  DESU     89080         2           900428423100                0                             0                                       0          100
QNOM000006QNOM000006         0  238030403023  APOR     49600         2           900428423100                0                             0                                       0          100
QNOM000006QNOM000006         0    2365053008  RETE    351000         2           900428423093                0                             0                 100                   0          020
QNOM000006QNOM000006         0    252505145  VACAC   7170332         1           900428423093                0                             0                                       0          020
QNOM000006QNOM000006         0    5205061  SUELDO    6832010         1           900428423001                0                             0                                       0
QNOM000006QNOM000006         0    4210053506  DESC      1688         2           900428423520                0                             0                                       0
QNOM000006QNOM000006         0    252005130  PRIMA   1517409         1           900428423520                0                             0                                       0
QNOM000006QNOM000006         0    1365953534  DESC    257416         2           900428423001                0                             0                                       0
QNOM000006QNOM000006         0  237045043540  AHOR    132090         2           900428423001                0                             0                                       0
QNOM000006QNOM000006         0    252005131  AJUST         1         2           900428423103                0                             0                                       0
QNOM000006QNOM000006         0    5205061  SUELDO      74233         2           900428423103                0                             0                                       0
QNOM000006QNOM000006         0  237045043540  AHOR     21000         2           900428423103                0                             0                                       0
QNOM000006QNOM000006         0    510527120  SUBSI     77700         1           900428423100                0                             0                                       0          018
QNOM000006QNOM000006         0    510546506  AUX E    127000         1           900428423100                0                             0                                       0          018
QNOM000006QNOM000006         0    520546506  AUX E    463000         1           900428423103                0                             0                                       0
QNOM000006QNOM000006         0    510527120  SUBSI     77700         1           900428423093                0                             0                                       0          011
QNOM000006QNOM000006         0    251505190  INTER       525         1           900428423520                0                             0                                       0
QNOM000006QNOM000006         0  237045043555  PRES    425864         2           900428423001                0                             0                                       0
QNOM000006QNOM000006         0  237005403010  APOR    423600         2           900428423001                0                             0                                       0
QNOM000006QNOM000006         0    1365953528  DESC     32198         2           900428423100                0                             0                                       0          100
QNOM000006QNOM000006         0  238030403020  APOR    267100         2           900428423100                0                             0                                       0          100
QNOM000006QNOM000006         0    1365954785  ABON    460200         2           900428423093                0                             0                                       0          020
QNOM000006QNOM000006         0    252005131  AJUST     16838         1           900428423520                0                             0                                       0
QNOM000006QNOM000006         0    520527120  SUBSI    202020         1           900428423520                0                             0                                       0
QNOM000006QNOM000006         0    520518523  COMIS    907368         1           900428423103                0                             0                                       0
QNOM000006QNOM000006         0    52052420  INCAPA     74233         1           900428423103                0                             0                                       0
QNOM000006QNOM000006         0    252005130  PRIMA    399796         1           900428423100                0                             0                                       0          018
QNOM000006QNOM000006         0    252005131  AJUST      6475         1           900428423100                0                             0                                       0          018
QNOM000006QNOM000006         0    52051555  HORA E      3781         1           900428423103                0                             0                                       0
QNOM000006QNOM000006         0    252005130  PRIMA    559198         1           900428423093                0                             0                                       0          011
QNOM000006QNOM000006         0    1365953554  DESC     35843         2           900428423001                0                             0                                       0
