QPRF00000690_00001	QPRF00000690	0	52057040	SOLID	5100	1		800224808	001	0			0				0		
QPRF00000690_00002	QPRF00000690	0	51057040	SOLID	100	2		800224808	100	0			0				0		100
QPRF00000691_00003	QPRF00000691	0	51057240	I.C.B.F	188200	1		899999239	093	0			0				0		020
QPRF00000692_00004	QPRF00000692	0	51057240	SENA	125500	1		899999034	093	0			0				0		020
QPRF00000693_00005	QPRF00000693	0	52057240	C.C.F	62500	1		890303208	201	0			0				0		
QPRF00000693_00006	QPRF00000693	0	52057240	C.C.F	106200	1		890303208	001	0			0				0		
QPRF00000694_00007	QPRF00000694	0	52057240	C.C.F	132000	1		890201578	103	0			0				0		
QPRF00000695_00008	QPRF00000695	0	52057240	C.C.F	172700	1		890101994	501	0			0				0		
QPRF00000696_00009	QPRF00000696	0	51057240	C.C.F	251000	1		860066942	093	0			0				0		020
QPRF00000696_00010	QPRF00000696	0	51057240	C.C.F	254200	1		860066942	100	0			0				0		100
QPRF00000696_00013	QPRF00000696	0	51057240	C.C.F	40000	1		860066942	093	0			0				0		011
QPRF00000696_00012	QPRF00000696	0	51057240	C.C.F	29500	1		860066942	100	0			0				0		018
QPRF00000696_00011	QPRF00000696	0	52057240	C.C.F	316100	1		860066942	001	0			0				0		
QPRF00000697_00014	QPRF00000697	0	51056940	EPS	622200	1		860066942	093	0			0				0		020
QPRF00000698_00015	QPRF00000698	0	52056940	EPS	300	1		830003564	501	0			0				0		
QPRF00000699_00017	QPRF00000699	0	52056940	EPS	200	2		800130907	001	0			0				0		
QPRF00000699_00016	QPRF00000699	0	51056940	EPS	86200	1		800130907	093	0			0				0		021
QPRF00000700_00018	QPRF00000700	0	52056940	EPS	3100	2		800088702	001	0			0				0		
QPRF00000700_00019	QPRF00000700	0	52056940	EPS	20600	1		800088702	001	0			0				0		
QPRF00000701_00020	QPRF00000701	0	51056803	ARP	50400	1		860002503	100	0			0				0		100
QPRF00000701_00027	QPRF00000701	0	51056803	ARP	5200	1		860002503	093	0			0				0		011
QPRF00000701_00026	QPRF00000701	0	51056803	ARP	32800	1		860002503	093	0			0				0		020
QPRF00000701_00025	QPRF00000701	0	52056803	ARP	232500	1		860002503	501	0			0				0		
QPRF00000701_00024	QPRF00000701	0	52056803	ARP	393300	1		860002503	001	0			0				0		
QPRF00000701_00023	QPRF00000701	0	51056803	ARP	3800	1		860002503	100	0			0				0		018
QPRF00000701_00022	QPRF00000701	0	52056803	ARP	72700	1		860002503	103	0			0				0		
QPRF00000701_00021	QPRF00000701	0	52056803	ARP	16300	1		860002503	201	0			0				0		
QPRF00000702_00028	QPRF00000702	0	52057040	AFP	85600	1		900336004	501	0			0				0		
QPRF00000703_00031	QPRF00000703	0	52057040	AFP	84400	1		800229739	103	0			0				0		
QPRF00000703_00030	QPRF00000703	0	52057040	AFP	574500	1		800229739	001	0			0				0		
QPRF00000703_00029	QPRF00000703	0	51057040	AFP	878400	1		800229739	093	0			0				0		020
QPRF00000704_00033	QPRF00000704	0	52057040	AFP	127200	1		800227940	001	0			0				0		
QPRF00000704_00032	QPRF00000704	0	52057040	AFP	89300	1		800227940	501	0			0				0		
QPRF00000705_00034	QPRF00000705	0	51057040	AFP	88400	1		800224808	100	0			0				0		018
QPRF00000705_00035	QPRF00000705	0	52057040	AFP	311713	1		800224808	103	0			0				0		
QPRF00000705_00036	QPRF00000705	0	52057040	AFP	684200	1		800224808	001	0			0				0		
QPRF00000705_00037	QPRF00000705	0	52057040	AFP	343900	1		800224808	501	0			0				0		
QPRF00000705_00040	QPRF00000705	0	51057040	AFP	120000	1		800224808	093	0			0				0		011
QPRF00000705_00039	QPRF00000705	0	52057040	AFP	193000	1		800224808	201	0			0				0		
QPRF00000705_00038	QPRF00000705	0	51057040	AFP	761300	1		800224808	100	0			0				0		100
