QPRV00009745_00001	QPRV00009745	0	520533	190	266957	1		830089785	102	0			0				0		
QPRV00009745_00002	QPRV00009745	0	510533	190	10177	1		830089785	101	0			0				0		009
QPRV00009745_00021	QPRV00009745	0	510533	190	22695	1		830089785	101	0			0				0		022
QPRV00009745_00020	QPRV00009745	0	510533	190	50442	1		830089785	101	0			0				0		101
QPRV00009745_00019	QPRV00009745	0	520533	190	5644	1		830089785	211	0			0				0		
QPRV00009745_00018	QPRV00009745	0	720533	190	156799	1		830089785	503	0			0				0		
QPRV00009745_00017	QPRV00009745	0	520533	190	5719	1		830089785	206	0			0				0		
QPRV00009745_00016	QPRV00009745	0	510533	190	68788	1		830089785	101	0			0				0		026
QPRV00009745_00015	QPRV00009745	0	520533	190	23220	1		830089785	302	0			0				0		
QPRV00009745_00014	QPRV00009745	0	720533	190	157687	1		830089785	303	0			0				0		
QPRV00009745_00013	QPRV00009745	0	520533	190	61264	1		830089785	502	0			0				0		
QPRV00009745_00012	QPRV00009745	0	510533	190	34203	1		830089785	101	0			0				0		018
QPRV00009745_00011	QPRV00009745	0	510533	190	20548	1		830089785	101	0			0				0		014
QPRV00009745_00010	QPRV00009745	0	510533	190	44930	1		830089785	101	0			0				0		012
QPRV00009745_00009	QPRV00009745	0	520533	190	179	1		830089785	214	0			0				0		
QPRV00009745_00008	QPRV00009745	0	510533	190	12390	1		830089785	101	0			0				0		029
QPRV00009745_00007	QPRV00009745	0	510533	190	4844	1		830089785	301	0			0				0		301
QPRV00009745_00006	QPRV00009745	0	510533	190	221921	1		830089785	101	0			0				0		025
QPRV00009745_00005	QPRV00009745	0	720533	190	10232	1		830089785	106	0			0				0		
QPRV00009745_00004	QPRV00009745	0	720533	190	285135	1		830089785	103	0			0				0		
QPRV00009745_00003	QPRV00009745	0	510533	190	35547	1		830089785	101	0			0				0		027
QPRV00009746_00022	QPRV00009746	0	51053040	175	230584	1		830089785	101	0			0				0		018
QPRV00009746_00042	QPRV00009746	0	51053040	175	1305417	1		830089785	101	0			0				0		025
QPRV00009746_00040	QPRV00009746	0	720531	175	1749841	1		830089785	503	0			0				0		
QPRV00009746_00039	QPRV00009746	0	51053040	175	209160	1		830089785	101	0			0				0		027
QPRV00009746_00038	QPRV00009746	0	51053040	175	303000	1		830089785	101	0			0				0		101
QPRV00009746_00037	QPRV00009746	0	51053040	175	279000	1		830089785	101	0			0				0		012
QPRV00009746_00036	QPRV00009746	0	52053040	175	144232	1		830089785	302	0			0				0		
QPRV00009746_00035	QPRV00009746	0	52053040	175	33511	1		830089785	214	0			0				0		
QPRV00009746_00034	QPRV00009746	0	720531	175	1340742	1		830089785	303	0			0				0		
QPRV00009746_00033	QPRV00009746	0	51053040	175	71839	1		830089785	101	0			0				0		029
QPRV00009746_00032	QPRV00009746	0	720531	175	59862	1		830089785	106	0			0				0		
QPRV00009746_00031	QPRV00009746	0	51053040	175	62667	1		830089785	301	0			0				0		301
QPRV00009746_00030	QPRV00009746	0	52053040	175	98075	1		830089785	211	0			0				0		
QPRV00009746_00029	QPRV00009746	0	52053040	175	100662	1		830089785	206	0			0				0		
QPRV00009746_00028	QPRV00009746	0	52053040	175	369572	1		830089785	502	0			0				0		
QPRV00009746_00027	QPRV00009746	0	51053040	175	416667	1		830089785	101	0			0				0		026
QPRV00009746_00026	QPRV00009746	0	51053040	175	133500	1		830089785	101	0			0				0		022
QPRV00009746_00025	QPRV00009746	0	52053040	175	1856440	1		830089785	102	0			0				0		
QPRV00009746_00024	QPRV00009746	0	51053040	175	59863	1		830089785	101	0			0				0		009
QPRV00009746_00023	QPRV00009746	0	720531	175	2101621	1		830089785	103	0			0				0		
QPRV00009746_00041	QPRV00009746	0	51053040	175	189500	1		830089785	101	0			0				0		014
QPRV00009747_00043	QPRV00009747	0	510539	145	29292	1		830089785	101	0			0				0		501
QPRV00009747_00044	QPRV00009747	0	520539	145	72117	1		830089785	302	0			0				0		
QPRV00009747_00045	QPRV00009747	0	510539	145	91667	1		830089785	101	0			0				0		014
QPRV00009747_00046	QPRV00009747	0	520539	145	15111	1		830089785	214	0			0				0		
QPRV00009747_00047	QPRV00009747	0	510539	145	66750	1		830089785	101	0			0				0		022
QPRV00009747_00048	QPRV00009747	0	720539	145	26848	1		830089785	106	0			0				0		
QPRV00009747_00049	QPRV00009747	0	510539	145	28250	1		830089785	301	0			0				0		301
QPRV00009747_00050	QPRV00009747	0	510539	145	84279	1		830089785	101	0			0				0		027
QPRV00009747_00051	QPRV00009747	0	520539	145	45954	1		830089785	211	0			0				0		
QPRV00009747_00052	QPRV00009747	0	510539	145	26848	1		830089785	101	0			0				0		009
QPRV00009747_00053	QPRV00009747	0	520539	145	879692	1		830089785	102	0			0				0		
QPRV00009747_00054	QPRV00009747	0	520539	145	125450	1		830089785	502	0			0				0		
QPRV00009747_00055	QPRV00009747	0	510539	145	89916	1		830089785	101	0			0				0		029
QPRV00009747_00056	QPRV00009747	0	510539	145	366708	1		830089785	101	0			0				0		010
QPRV00009747_00057	QPRV00009747	0	510539	145	115479	1		830089785	101	0			0				0		018
QPRV00009747_00058	QPRV00009747	0	720539	145	133560	1		830089785	503	0			0				0		
QPRV00009747_00059	QPRV00009747	0	510539	145	206854	1		830089785	101	0			0				0		026
QPRV00009747_00060	QPRV00009747	0	520539	145	47248	1		830089785	206	0			0				0		
QPRV00009747_00061	QPRV00009747	0	720539	145	1069393	1		830089785	103	0			0				0		
QPRV00009747_00062	QPRV00009747	0	510539	145	494357	1		830089785	101	0			0				0		101
QPRV00009747_00063	QPRV00009747	0	720539	145	393460	1		830089785	303	0			0				0		
QPRV00009747_00064	QPRV00009747	0	510539	145	630952	1		830089785	101	0			0				0		025
QPRV00009747_00065	QPRV00009747	0	510539	145	133332	1		830089785	101	0			0				0		012
QPRV00009748_00066	QPRV00009748	0	510536	130	209160	1		830089785	101	0			0				0		027
QPRV00009748_00087	QPRV00009748	0	520536	130	369572	1		830089785	502	0			0				0		
QPRV00009748_00068	QPRV00009748	0	520536	130	1830437	1		830089785	102	0			0				0		
QPRV00009748_00069	QPRV00009748	0	510536	130	133500	1		830089785	101	0			0				0		022
QPRV00009748_00070	QPRV00009748	0	510536	130	416667	1		830089785	101	0			0				0		026
QPRV00009748_00071	QPRV00009748	0	510536	130	1305417	1		830089785	101	0			0				0		025
QPRV00009748_00072	QPRV00009748	0	510536	130	62667	1		830089785	301	0			0				0		301
QPRV00009748_00073	QPRV00009748	0	510536	130	189500	1		830089785	101	0			0				0		014
QPRV00009748_00074	QPRV00009748	0	720536	130	282554	1		830089785	503	0			0				0		
QPRV00009748_00075	QPRV00009748	0	520536	130	98075	1		830089785	211	0			0				0		
QPRV00009748_00076	QPRV00009748	0	720536	130	617733	1		830089785	303	0			0				0		
QPRV00009748_00077	QPRV00009748	0	720536	130	1685624	1		830089785	103	0			0				0		
QPRV00009748_00078	QPRV00009748	0	520536	130	144232	1		830089785	302	0			0				0		
QPRV00009748_00079	QPRV00009748	0	510536	130	64750	1		830089785	101	0			0				0		501
QPRV00009748_00080	QPRV00009748	0	510536	130	303000	1		830089785	101	0			0				0		101
QPRV00009748_00081	QPRV00009748	0	510536	130	71839	1		830089785	101	0			0				0		029
QPRV00009748_00082	QPRV00009748	0	510536	130	197583	1		830089785	101	0			0				0		018
QPRV00009748_00083	QPRV00009748	0	520536	130	33511	1		830089785	214	0			0				0		
QPRV00009748_00084	QPRV00009748	0	520536	130	100661	1		830089785	206	0			0				0		
QPRV00009748_00085	QPRV00009748	0	510536	130	59863	1		830089785	101	0			0				0		009
QPRV00009748_00086	QPRV00009748	0	510536	130	279000	1		830089785	101	0			0				0		012
QPRV00009748_00067	QPRV00009748	0	720536	130	59862	1		830089785	106	0			0				0		
