QPRF00004415_00036	QPRF00004415	0	51056940	EPS	523700	1		800088702	101	0			0				0		010
QPRF00004416_00037	QPRF00004416	0	51056803	ARP	32200	1		860002503	101	0			0				0		010
QPRF00004416_00038	QPRF00004416	0	72056803	ARP	44847	1		860002503	106	0			0				0		
QPRF00004416_00039	QPRF00004416	0	72056803	ARP	733082	1		860002503	103	0			0				0		
QPRF00004416_00040	QPRF00004416	0	51056803	ARP	81800	1		860002503	101	0			0				0		025
QPRF00004416_00041	QPRF00004416	0	51056803	ARP	61800	1		860002503	101	0			0				0		012
QPRF00004416_00042	QPRF00004416	0	52056803	ARP	21600	1		860002503	502	0			0				0		
QPRF00004416_00043	QPRF00004416	0	51056803	ARP	11300	1		860002503	101	0			0				0		018
QPRF00004416_00044	QPRF00004416	0	51056803	ARP	38500	1		860002503	101	0			0				0		026
QPRF00004416_00045	QPRF00004416	0	52056803	ARP	66100	1		860002503	211	0			0				0		
QPRF00004416_00046	QPRF00004416	0	52056803	ARP	337738	1		860002503	102	0			0				0		
QPRF00004416_00047	QPRF00004416	0	52056803	ARP	64700	1		860002503	206	0			0				0		
QPRF00004416_00048	QPRF00004416	0	51056803	ARP	4300	1		860002503	101	0			0				0		029
QPRF00004416_00049	QPRF00004416	0	51056803	ARP	15900	1		860002503	101	0			0				0		027
QPRF00004416_00050	QPRF00004416	0	51056803	ARP	7800	1		860002503	101	0			0				0		501
QPRF00004416_00051	QPRF00004416	0	51056803	ARP	3500	1		860002503	301	0			0				0		301
QPRF00004416_00052	QPRF00004416	0	51056803	ARP	3400	1		860002503	101	0			0				0		009
QPRF00004416_00053	QPRF00004416	0	72056803	ARP	398635	1		860002503	303	0			0				0		
QPRF00004416_00054	QPRF00004416	0	51056803	ARP	46200	1		860002503	101	0			0				0		101
QPRF00004416_00055	QPRF00004416	0	51056803	ARP	8400	1		860002503	101	0			0				0		022
QPRF00004416_00056	QPRF00004416	0	72056803	ARP	281494	1		860002503	503	0			0				0		
QPRF00004416_00057	QPRF00004416	0	51056803	ARP	15100	1		860002503	101	0			0				0		014
QPRF00004416_00058	QPRF00004416	0	52056803	ARP	115800	1		860002503	302	0			0				0		
QPRF00004417_00066	QPRF00004417	0	72057040	AFP	77300	1		900336004	106	0			0				0		
QPRF00004417_00065	QPRF00004417	0	52057040	AFP	283800	1		900336004	102	0			0				0		
QPRF00004417_00064	QPRF00004417	0	51057040	AFP	101800	1		900336004	101	0			0				0		027
QPRF00004417_00063	QPRF00004417	0	51057040	AFP	185600	1		900336004	101	0			0				0		018
QPRF00004417_00067	QPRF00004417	0	72057040	AFP	240300	1		900336004	103	0			0				0		
QPRF00004417_00061	QPRF00004417	0	72057040	AFP	77300	1		900336004	503	0			0				0		
QPRF00004417_00060	QPRF00004417	0	51057040	AFP	77300	1		900336004	101	0			0				0		009
QPRF00004417_00059	QPRF00004417	0	51057040	AFP	492600	1		900336004	101	0			0				0		101
QPRF00004417_00062	QPRF00004417	0	51057040	AFP	168000	1		900336004	101	0			0				0		012
QPRF00004418_00075	QPRF00004418	0	72057040	AFP	891700	1		800229739	103	0			0				0		
QPRF00004418_00074	QPRF00004418	0	51057040	AFP	84000	1		800229739	101	0			0				0		014
QPRF00004418_00073	QPRF00004418	0	51057040	AFP	176200	1		800229739	101	0			0				0		027
QPRF00004418_00072	QPRF00004418	0	51057040	AFP	81400	1		800229739	301	0			0				0		301
QPRF00004418_00071	QPRF00004418	0	51057040	AFP	79800	1		800229739	101	0			0				0		018
QPRF00004418_00070	QPRF00004418	0	51057040	AFP	739400	1		800229739	101	0			0				0		010
QPRF00004418_00069	QPRF00004418	0	51057040	AFP	192200	1		800229739	101	0			0				0		022
QPRF00004418_00068	QPRF00004418	0	72057040	AFP	231900	1		800229739	303	0			0				0		
QPRF00004418_00076	QPRF00004418	0	52057040	AFP	113800	1		800229739	211	0			0				0		
QPRF00004418_00080	QPRF00004418	0	52057040	AFP	111600	1		800229739	206	0			0				0		
QPRF00004418_00079	QPRF00004418	0	52057040	AFP	733200	1		800229739	102	0			0				0		
QPRF00004418_00078	QPRF00004418	0	72057040	AFP	276300	1		800229739	503	0			0				0		
QPRF00004418_00077	QPRF00004418	0	51057040	AFP	89600	1		800229739	101	0			0				0		501
QPRF00004419_00084	QPRF00004419	0	52057040	AFP	496000	1		800227940	502	0			0				0		
QPRF00004419_00083	QPRF00004419	0	52057040	AFP	471000	1		800227940	102	0			0				0		
QPRF00004419_00082	QPRF00004419	0	51057040	AFP	442600	1		800227940	101	0			0				0		026
QPRF00004419_00081	QPRF00004419	0	72057040	AFP	112000	1		800227940	303	0			0				0		
QPRF00004420_00092	QPRF00004420	0	52057040	AFP	199600	1		800224808	302	0			0				0		
QPRF00004420_00091	QPRF00004420	0	51057040	AFP	180000	1		800224808	101	0			0				0		014
QPRF00004420_00090	QPRF00004420	0	51057040	AFP	216000	1		800224808	101	0			0				0		012
QPRF00004420_00089	QPRF00004420	0	51057040	AFP	418600	1		800224808	101	0			0				0		101
QPRF00004420_00088	QPRF00004420	0	72057040	AFP	758000	1		800224808	103	0			0				0		
QPRF00004420_00093	QPRF00004420	0	72057040	AFP	593900	1		800224808	303	0			0				0		
QPRF00004420_00086	QPRF00004420	0	52057040	AFP	570500	1		800224808	102	0			0				0		
QPRF00004420_00085	QPRF00004420	0	51057040	AFP	99600	1		800224808	101	0			0				0		029
QPRF00004420_00087	QPRF00004420	0	72057040	AFP	154600	1		800224808	503	0			0				0		