QPRF00004437_00001	QPRF00004437	0	72057040	SOLID	26200	1		900336004	103	0			0				0		
QPRF00004438_00002	QPRF00004438	0	52057040	SOLID	33000	1		800224808	102	0			0				0		
QPRF00004439_00004	QPRF00004439	0	51057240	I.C.B.F	175900	1		899999239	101	0			0				0		101
QPRF00004439_00003	QPRF00004439	0	51057240	I.C.B.F	184800	1		899999239	101	0			0				0		010
QPRF00004439_00005	QPRF00004439	0	51057240	I.C.B.F	469900	1		899999239	101	0			0				0		025
QPRF00004440_00006	QPRF00004440	0	51057240	SENA	117300	1		899999034	101	0			0				0		101
QPRF00004440_00007	QPRF00004440	0	51057240	SENA	313300	1		899999034	101	0			0				0		025
QPRF00004440_00008	QPRF00004440	0	51057240	SENA	123200	1		899999034	101	0			0				0		010
QPRF00004441_00009	QPRF00004441	0	52057240	C.C.F	14500	1		890303208	214	0			0				0		
QPRF00004442_00010	QPRF00004442	0	72057240	C.C.F	139720	1		890201578	503	0			0				0		
QPRF00004442_00014	QPRF00004442	0	52057240	C.C.F	182300	1		890201578	502	0			0				0		
QPRF00004442_00013	QPRF00004442	0	72057240	C.C.F	18300	1		890201578	303	0			0				0		
QPRF00004442_00012	QPRF00004442	0	52057240	C.C.F	57100	1		890201578	102	0			0				0		
QPRF00004442_00011	QPRF00004442	0	51057240	C.C.F	28100	1		890201578	101	0			0				0		501
QPRF00004443_00018	QPRF00004443	0	52057240	C.C.F	45400	1		890101994	206	0			0				0		
QPRF00004443_00017	QPRF00004443	0	51057240	C.C.F	27100	1		890101994	301	0			0				0		301
QPRF00004443_00016	QPRF00004443	0	72057240	C.C.F	275700	1		890101994	303	0			0				0		
QPRF00004443_00015	QPRF00004443	0	52057240	C.C.F	69200	1		890101994	302	0			0				0		
QPRF00004443_00019	QPRF00004443	0	52057240	C.C.F	44100	1		890101994	211	0			0				0		
QPRF00004444_00021	QPRF00004444	0	51057240	C.C.F	25800	1		860066942	101	0			0				0		009
QPRF00004444_00020	QPRF00004444	0	51057240	C.C.F	89800	1		860066942	101	0			0				0		027
QPRF00004444_00022	QPRF00004444	0	51057240	C.C.F	88000	1		860066942	101	0			0				0		014
QPRF00004444_00033	QPRF00004444	0	52057240	C.C.F	787000	1		860066942	102	0			0				0		
QPRF00004444_00032	QPRF00004444	0	51057240	C.C.F	86600	1		860066942	101	0			0				0		018
QPRF00004444_00031	QPRF00004444	0	51057240	C.C.F	64100	1		860066942	101	0			0				0		022
QPRF00004444_00030	QPRF00004444	0	51057240	C.C.F	626600	1		860066942	101	0			0				0		025
QPRF00004444_00029	QPRF00004444	0	51057240	C.C.F	128000	1		860066942	101	0			0				0		012
QPRF00004444_00028	QPRF00004444	0	72057240	C.C.F	25800	1		860066942	106	0			0				0		
QPRF00004444_00027	QPRF00004444	0	51057240	C.C.F	33200	1		860066942	101	0			0				0		029
QPRF00004444_00026	QPRF00004444	0	51057240	C.C.F	200000	1		860066942	101	0			0				0		026
QPRF00004444_00025	QPRF00004444	0	51057240	C.C.F	246400	1		860066942	101	0			0				0		010
QPRF00004444_00024	QPRF00004444	0	72057240	C.C.F	669400	1		860066942	103	0			0				0		
QPRF00004444_00023	QPRF00004444	0	51057240	C.C.F	374100	1		860066942	101	0			0				0		101
QPRF00004445_00034	QPRF00004445	0	72056940	EPS	6900	1		900156264	503	0			0				0		
QPRF00004446_00035	QPRF00004446	0	52056940	EPS	49400	1		860066942	102	0			0				0		
QPRF00004446_00036	QPRF00004446	0	51056940	EPS	498400	1		860066942	101	0			0				0		101
QPRF00004447_00037	QPRF00004447	0	72056940	EPS	100	1		830009783	103	0			0				0		
QPRF00004448_00038	QPRF00004448	0	72056940	EPS	1300	2		830003564	503	0			0				0		
QPRF00004448_00039	QPRF00004448	0	72056940	EPS	25800	1		830003564	103	0			0				0		
QPRF00004449_00040	QPRF00004449	0	51056940	EPS	1331500	1		800251440	101	0			0				0		025
QPRF00004449_00041	QPRF00004449	0	72056940	EPS	18300	1		800251440	103	0			0				0		
QPRF00004450_00042	QPRF00004450	0	72056940	EPS	200	1		800250119	103	0			0				0		
QPRF00004450_00043	QPRF00004450	0	72056940	EPS	1400	2		800250119	503	0			0				0		
QPRF00004451_00044	QPRF00004451	0	51056940	EPS	523700	1		800088702	101	0			0				0		010
QPRF00004452_00045	QPRF00004452	0	51056803	ARP	61800	1		860002503	101	0			0				0		012
QPRF00004452_00046	QPRF00004452	0	51056803	ARP	11300	1		860002503	101	0			0				0		018
QPRF00004452_00047	QPRF00004452	0	51056803	ARP	81800	1		860002503	101	0			0				0		025
QPRF00004452_00048	QPRF00004452	0	51056803	ARP	1900	1		860002503	101	0			0				0		029
QPRF00004452_00049	QPRF00004452	0	51056803	ARP	8400	1		860002503	101	0			0				0		022
QPRF00004452_00050	QPRF00004452	0	51056803	ARP	7300	1		860002503	101	0			0				0		501
QPRF00004452_00051	QPRF00004452	0	51056803	ARP	52200	1		860002503	101	0			0				0		026
QPRF00004452_00052	QPRF00004452	0	52056803	ARP	120500	1		860002503	302	0			0				0		
QPRF00004452_00053	QPRF00004452	0	52056803	ARP	15800	1		860002503	214	0			0				0		
QPRF00004452_00054	QPRF00004452	0	52056803	ARP	23000	1		860002503	502	0			0				0		
QPRF00004452_00055	QPRF00004452	0	51056803	ARP	3900	1		860002503	301	0			0				0		301
QPRF00004452_00056	QPRF00004452	0	51056803	ARP	32200	1		860002503	101	0			0				0		010
QPRF00004452_00057	QPRF00004452	0	72056803	ARP	798888	1		860002503	103	0			0				0		
QPRF00004452_00058	QPRF00004452	0	72056803	ARP	308100	1		860002503	503	0			0				0		
QPRF00004452_00059	QPRF00004452	0	51056803	ARP	56500	1		860002503	101	0			0				0		101
QPRF00004452_00060	QPRF00004452	0	51056803	ARP	15100	1		860002503	101	0			0				0		014
QPRF00004452_00061	QPRF00004452	0	72056803	ARP	44847	1		860002503	106	0			0				0		
QPRF00004452_00062	QPRF00004452	0	52056803	ARP	523447	1		860002503	102	0			0				0		
QPRF00004452_00063	QPRF00004452	0	52056803	ARP	78900	1		860002503	206	0			0				0		
QPRF00004452_00064	QPRF00004452	0	51056803	ARP	15300	1		860002503	101	0			0				0		027
QPRF00004452_00065	QPRF00004452	0	51056803	ARP	3400	1		860002503	101	0			0				0		009
QPRF00004452_00066	QPRF00004452	0	72056803	ARP	385503	1		860002503	303	0			0				0		
QPRF00004452_00067	QPRF00004452	0	52056803	ARP	76800	1		860002503	211	0			0				0		
QPRF00004453_00068	QPRF00004453	0	51057040	AFP	168000	1		900336004	101	0			0				0		012
QPRF00004453_00075	QPRF00004453	0	72057040	AFP	77300	1		900336004	106	0			0				0		
QPRF00004453_00074	QPRF00004453	0	72057040	AFP	413900	1		900336004	103	0			0				0		
QPRF00004453_00073	QPRF00004453	0	51057040	AFP	180000	1		900336004	101	0			0				0		018
QPRF00004453_00072	QPRF00004453	0	51057040	AFP	99400	1		900336004	101	0			0				0		027
QPRF00004453_00071	QPRF00004453	0	52057040	AFP	474800	1		900336004	102	0			0				0		
QPRF00004453_00070	QPRF00004453	0	51057040	AFP	77300	1		900336004	101	0			0				0		009
QPRF00004453_00069	QPRF00004453	0	72057040	AFP	82300	1		900336004	503	0			0				0		
QPRF00004454_00084	QPRF00004454	0	72057040	AFP	289800	1		800229739	503	0			0				0		
QPRF00004454_00083	QPRF00004454	0	72057040	AFP	235200	1		800229739	303	0			0				0		
QPRF00004454_00082	QPRF00004454	0	51057040	AFP	192200	1		800229739	101	0			0				0		022
QPRF00004454_00081	QPRF00004454	0	72057040	AFP	977700	1		800229739	103	0			0				0		
QPRF00004454_00080	QPRF00004454	0	52057040	AFP	136000	1		800229739	206	0			0				0		
QPRF00004454_00079	QPRF00004454	0	51057040	AFP	84400	1		800229739	101	0			0				0		501
QPRF00004454_00078	QPRF00004454	0	51057040	AFP	176600	1		800229739	101	0			0				0		027
QPRF00004454_00077	QPRF00004454	0	51057040	AFP	84000	1		800229739	101	0			0				0		014
QPRF00004454_00076	QPRF00004454	0	51057040	AFP	79800	1		800229739	101	0			0				0		018
QPRF00004454_00085	QPRF00004454	0	51057040	AFP	90200	1		800229739	301	0			0				0		301
QPRF00004454_00088	QPRF00004454	0	52057040	AFP	685800	1		800229739	102	0			0				0		
QPRF00004454_00087	QPRF00004454	0	52057040	AFP	132400	1		800229739	211	0			0				0		
QPRF00004454_00086	QPRF00004454	0	51057040	AFP	739400	1		800229739	101	0			0				0		010
QPRF00004455_00092	QPRF00004455	0	72057040	AFP	95800	1		800227940	303	0			0				0		
QPRF00004455_00091	QPRF00004455	0	52057040	AFP	592000	1		800227940	102	0			0				0		
QPRF00004455_00090	QPRF00004455	0	51057040	AFP	703600	1		800227940	101	0			0				0		101
QPRF00004455_00089	QPRF00004455	0	51057040	AFP	600000	1		800227940	101	0			0				0		026
QPRF00004455_00093	QPRF00004455	0	52057040	AFP	547000	1		800227940	502	0			0				0		
QPRF00004456_00099	QPRF00004456	0	51057040	AFP	216000	1		800224808	101	0			0				0		012
QPRF00004456_00102	QPRF00004456	0	52057040	AFP	43600	1		800224808	214	0			0				0		
QPRF00004456_00101	QPRF00004456	0	52057040	AFP	834700	1		800224808	102	0			0				0		
QPRF00004456_00100	QPRF00004456	0	51057040	AFP	99600	1		800224808	101	0			0				0		029
QPRF00004456_00098	QPRF00004456	0	51057040	AFP	418600	1		800224808	101	0			0				0		101
QPRF00004456_00097	QPRF00004456	0	72057040	AFP	762100	1		800224808	103	0			0				0		
QPRF00004456_00103	QPRF00004456	0	52057040	AFP	207800	1		800224808	302	0			0				0		
QPRF00004456_00095	QPRF00004456	0	72057040	AFP	165800	1		800224808	503	0			0				0		
QPRF00004456_00094	QPRF00004456	0	51057040	AFP	180000	1		800224808	101	0			0				0		014
QPRF00004456_00096	QPRF00004456	0	72057040	AFP	602800	1		800224808	303	0			0				0		
