QPRF00004472_00001	QPRF00004472	0	52057040	SOLID	100	1		800227940	502	0			0				0		
QPRF00004473_00002	QPRF00004473	0	51057240	I.C.B.F	175900	1		899999239	101	0			0				0		101
QPRF00004473_00003	QPRF00004473	0	51057240	I.C.B.F	469900	1		899999239	101	0			0				0		025
QPRF00004473_00004	QPRF00004473	0	51057240	I.C.B.F	184800	1		899999239	101	0			0				0		010
QPRF00004474_00005	QPRF00004474	0	51057240	SENA	117300	1		899999034	101	0			0				0		101
QPRF00004474_00006	QPRF00004474	0	51057240	SENA	313300	1		899999034	101	0			0				0		025
QPRF00004474_00007	QPRF00004474	0	51057240	SENA	123200	1		899999034	101	0			0				0		010
QPRF00004475_00008	QPRF00004475	0	52057240	C.C.F	60800	1		890303208	214	0			0				0		
QPRF00004476_00009	QPRF00004476	0	72057240	C.C.F	90500	1		890201578	503	0			0				0		
QPRF00004476_00011	QPRF00004476	0	52057240	C.C.F	67200	1		890201578	102	0			0				0		
QPRF00004476_00010	QPRF00004476	0	52057240	C.C.F	170200	1		890201578	502	0			0				0		
QPRF00004477_00012	QPRF00004477	0	72057240	C.C.F	229600	1		890101994	303	0			0				0		
QPRF00004477_00013	QPRF00004477	0	51057240	C.C.F	34700	1		890101994	101	0			0				0		101
QPRF00004477_00014	QPRF00004477	0	52057240	C.C.F	58200	1		890101994	211	0			0				0		
QPRF00004477_00016	QPRF00004477	0	52057240	C.C.F	56500	1		890101994	206	0			0				0		
QPRF00004477_00015	QPRF00004477	0	52057240	C.C.F	98600	1		890101994	302	0			0				0		
QPRF00004477_00017	QPRF00004477	0	51057240	C.C.F	27100	1		890101994	301	0			0				0		301
QPRF00004478_00019	QPRF00004478	0	72057240	C.C.F	28300	1		860066942	106	0			0				0		
QPRF00004478_00018	QPRF00004478	0	52057240	C.C.F	730400	1		860066942	102	0			0				0		
QPRF00004478_00020	QPRF00004478	0	51057240	C.C.F	25800	1		860066942	101	0			0				0		009
QPRF00004478_00032	QPRF00004478	0	51057240	C.C.F	246400	1		860066942	101	0			0				0		010
QPRF00004478_00031	QPRF00004478	0	51057240	C.C.F	33200	1		860066942	101	0			0				0		029
QPRF00004478_00030	QPRF00004478	0	72057240	C.C.F	635900	1		860066942	103	0			0				0		
QPRF00004478_00029	QPRF00004478	0	51057240	C.C.F	100000	1		860066942	101	0			0				0		012
QPRF00004478_00028	QPRF00004478	0	51057240	C.C.F	374500	1		860066942	101	0			0				0		101
QPRF00004478_00027	QPRF00004478	0	51057240	C.C.F	626600	1		860066942	101	0			0				0		025
QPRF00004478_00026	QPRF00004478	0	51057240	C.C.F	34500	1		860066942	101	0			0				0		030
QPRF00004478_00021	QPRF00004478	0	51057240	C.C.F	111400	1		860066942	101	0			0				0		018
QPRF00004478_00022	QPRF00004478	0	51057240	C.C.F	74800	1		860066942	101	0			0				0		027
QPRF00004478_00023	QPRF00004478	0	51057240	C.C.F	64100	1		860066942	101	0			0				0		022
QPRF00004478_00024	QPRF00004478	0	51057240	C.C.F	74500	1		860066942	101	0			0				0		014
QPRF00004478_00025	QPRF00004478	0	51057240	C.C.F	192000	1		860066942	101	0			0				0		026
QPRF00004479_00033	QPRF00004479	0	51056940	EPS	498400	1		860066942	101	0			0				0		101
QPRF00004480_00034	QPRF00004480	0	72056940	EPS	25800	1		830003564	103	0			0				0		
QPRF00004481_00037	QPRF00004481	0	72056940	EPS	2400	1		800251440	103	0			0				0		
QPRF00004481_00036	QPRF00004481	0	51056940	EPS	5300	2		800251440	101	0			0				0		014
QPRF00004481_00035	QPRF00004481	0	51056940	EPS	1331500	1		800251440	101	0			0				0		025
QPRF00004482_00039	QPRF00004482	0	51056940	EPS	1800	1		800250119	101	0			0				0		030
QPRF00004482_00038	QPRF00004482	0	51056940	EPS	700	2		800250119	101	0			0				0		030
QPRF00004483_00040	QPRF00004483	0	51056940	EPS	523700	1		800088702	101	0			0				0		010
QPRF00004484_00041	QPRF00004484	0	51056803	ARP	3400	1		860002503	101	0			0				0		009
QPRF00004484_00042	QPRF00004484	0	51056803	ARP	197200	1		860002503	101	0			0				0		101
QPRF00004484_00043	QPRF00004484	0	52056803	ARP	66100	1		860002503	214	0			0				0		
QPRF00004484_00044	QPRF00004484	0	51056803	ARP	81800	1		860002503	101	0			0				0		025
QPRF00004484_00045	QPRF00004484	0	52056803	ARP	22200	1		860002503	502	0			0				0		
QPRF00004484_00046	QPRF00004484	0	51056803	ARP	56000	1		860002503	101	0			0				0		027
QPRF00004484_00047	QPRF00004484	0	51056803	ARP	57800	1		860002503	101	0			0				0		029
QPRF00004484_00048	QPRF00004484	0	52056803	ARP	101300	1		860002503	211	0			0				0		
QPRF00004484_00049	QPRF00004484	0	72056803	ARP	1004147	1		860002503	103	0			0				0		
QPRF00004484_00050	QPRF00004484	0	72056803	ARP	299147	1		860002503	303	0			0				0		
QPRF00004484_00051	QPRF00004484	0	51056803	ARP	32700	1		860002503	101	0			0				0		030
QPRF00004484_00052	QPRF00004484	0	51056803	ARP	32200	1		860002503	101	0			0				0		010
QPRF00004484_00053	QPRF00004484	0	72056803	ARP	157400	1		860002503	503	0			0				0		
QPRF00004484_00054	QPRF00004484	0	52056803	ARP	98300	1		860002503	206	0			0				0		
QPRF00004484_00055	QPRF00004484	0	51056803	ARP	174000	1		860002503	101	0			0				0		012
QPRF00004484_00056	QPRF00004484	0	52056803	ARP	171600	1		860002503	302	0			0				0		
QPRF00004484_00057	QPRF00004484	0	51056803	ARP	3600	1		860002503	301	0			0				0		301
QPRF00004484_00058	QPRF00004484	0	52056803	ARP	765247	1		860002503	102	0			0				0		
QPRF00004484_00059	QPRF00004484	0	51056803	ARP	8400	1		860002503	101	0			0				0		022
QPRF00004484_00060	QPRF00004484	0	51056803	ARP	12800	1		860002503	101	0			0				0		014
QPRF00004484_00061	QPRF00004484	0	51056803	ARP	62400	1		860002503	101	0			0				0		018
QPRF00004484_00062	QPRF00004484	0	72056803	ARP	49300	1		860002503	106	0			0				0		
QPRF00004484_00063	QPRF00004484	0	51056803	ARP	50100	1		860002503	101	0			0				0		026
QPRF00004485_00067	QPRF00004485	0	51057040	AFP	84000	1		900336004	101	0			0				0		012
QPRF00004485_00066	QPRF00004485	0	52057040	AFP	661800	1		900336004	102	0			0				0		
QPRF00004485_00065	QPRF00004485	0	72057040	AFP	302600	1		900336004	103	0			0				0		
QPRF00004485_00064	QPRF00004485	0	51057040	AFP	84800	1		900336004	101	0			0				0		027
QPRF00004485_00070	QPRF00004485	0	51057040	AFP	77300	1		900336004	101	0			0				0		009
QPRF00004485_00069	QPRF00004485	0	51057040	AFP	180000	1		900336004	101	0			0				0		018
QPRF00004485_00068	QPRF00004485	0	72057040	AFP	85000	1		900336004	106	0			0				0		
QPRF00004486_00078	QPRF00004486	0	51057040	AFP	92300	1		800229739	101	0			0				0		030
QPRF00004486_00079	QPRF00004486	0	51057040	AFP	79800	1		800229739	101	0			0				0		018
QPRF00004486_00080	QPRF00004486	0	72057040	AFP	199000	1		800229739	503	0			0				0		
QPRF00004486_00081	QPRF00004486	0	51057040	AFP	82400	1		800229739	301	0			0				0		301
QPRF00004486_00077	QPRF00004486	0	51057040	AFP	202800	1		800229739	101	0			0				0		027
QPRF00004486_00076	QPRF00004486	0	52057040	AFP	458200	1		800229739	102	0			0				0		
QPRF00004486_00075	QPRF00004486	0	52057040	AFP	174600	1		800229739	211	0			0				0		
QPRF00004486_00074	QPRF00004486	0	72057040	AFP	249000	1		800229739	303	0			0				0		
QPRF00004486_00073	QPRF00004486	0	51057040	AFP	739400	1		800229739	101	0			0				0		010
QPRF00004486_00072	QPRF00004486	0	51057040	AFP	192200	1		800229739	101	0			0				0		022
QPRF00004486_00071	QPRF00004486	0	72057040	AFP	968600	1		800229739	103	0			0				0		
QPRF00004486_00082	QPRF00004486	0	51057040	AFP	87600	1		800229739	101	0			0				0		014
QPRF00004486_00083	QPRF00004486	0	52057040	AFP	169600	1		800229739	206	0			0				0		
QPRF00004487_00084	QPRF00004487	0	51057040	AFP	576200	1		800227940	101	0			0				0		026
QPRF00004487_00088	QPRF00004487	0	52057040	AFP	510600	1		800227940	502	0			0				0		
QPRF00004487_00087	QPRF00004487	0	52057040	AFP	563300	1		800227940	102	0			0				0		
QPRF00004487_00086	QPRF00004487	0	51057040	AFP	815600	1		800227940	101	0			0				0		101
QPRF00004487_00085	QPRF00004487	0	72057040	AFP	118400	1		800227940	303	0			0				0		
QPRF00004488_00094	QPRF00004488	0	51057040	AFP	15440	1		800224808	101	0			0				0		030
QPRF00004488_00095	QPRF00004488	0	51057040	AFP	99600	1		800224808	101	0			0				0		029
QPRF00004488_00096	QPRF00004488	0	52057040	AFP	709200	1		800224808	102	0			0				0		
QPRF00004488_00097	QPRF00004488	0	72057040	AFP	322000	1		800224808	303	0			0				0		
QPRF00004488_00098	QPRF00004488	0	52057040	AFP	182200	1		800224808	214	0			0				0		
QPRF00004488_00099	QPRF00004488	0	72057040	AFP	742100	1		800224808	103	0			0				0		
QPRF00004488_00093	QPRF00004488	0	51057040	AFP	419400	1		800224808	101	0			0				0		101
QPRF00004488_00100	QPRF00004488	0	51057040	AFP	216000	1		800224808	101	0			0				0		012
QPRF00004488_00091	QPRF00004488	0	72057040	AFP	77300	1		800224808	503	0			0				0		
QPRF00004488_00090	QPRF00004488	0	51057040	AFP	74600	1		800224808	101	0			0				0		018
QPRF00004488_00089	QPRF00004488	0	51057040	AFP	158700	1		800224808	101	0			0				0		014
QPRF00004488_00092	QPRF00004488	0	52057040	AFP	296000	1		800224808	302	0			0				0		
