QPRV00009753_00001	QPRV00009753	0	720533	190	329042	1		830089785	103	0			0				0		
QPRV00009753_00002	QPRV00009753	0	520533	190	10820	1		830089785	206	0			0				0		
QPRV00009753_00022	QPRV00009753	0	510533	190	64825	1		830089785	101	0			0				0		101
QPRV00009753_00021	QPRV00009753	0	510533	190	7350	1		830089785	301	0			0				0		301
QPRV00009753_00020	QPRV00009753	0	510533	190	274137	1		830089785	101	0			0				0		025
QPRV00009753_00019	QPRV00009753	0	520533	190	73637	1		830089785	502	0			0				0		
QPRV00009753_00018	QPRV00009753	0	510533	190	28653	1		830089785	101	0			0				0		014
QPRV00009753_00017	QPRV00009753	0	510533	190	13606	1		830089785	101	0			0				0		030
QPRV00009753_00016	QPRV00009753	0	510533	190	83156	1		830089785	101	0			0				0		026
QPRV00009753_00015	QPRV00009753	0	520533	190	4392	1		830089785	214	0			0				0		
QPRV00009753_00014	QPRV00009753	0	520533	190	319201	1		830089785	102	0			0				0		
QPRV00009753_00013	QPRV00009753	0	720533	190	41616	1		830089785	503	0			0				0		
QPRV00009753_00012	QPRV00009753	0	510533	190	42545	1		830089785	101	0			0				0		012
QPRV00009753_00011	QPRV00009753	0	510533	190	15682	1		830089785	101	0			0				0		029
QPRV00009753_00010	QPRV00009753	0	720533	190	162893	1		830089785	303	0			0				0		
QPRV00009753_00009	QPRV00009753	0	520533	190	35806	1		830089785	302	0			0				0		
QPRV00009753_00008	QPRV00009753	0	510533	190	12571	1		830089785	101	0			0				0		009
QPRV00009753_00007	QPRV00009753	0	520533	190	10967	1		830089785	211	0			0				0		
QPRV00009753_00006	QPRV00009753	0	720533	190	13201	1		830089785	106	0			0				0		
QPRV00009753_00005	QPRV00009753	0	510533	190	28035	1		830089785	101	0			0				0		022
QPRV00009753_00004	QPRV00009753	0	510533	190	40133	1		830089785	101	0			0				0		018
QPRV00009753_00003	QPRV00009753	0	510533	190	44259	1		830089785	101	0			0				0		027
QPRV00009754_00023	QPRV00009754	0	51053040	175	531089	1		830089785	101	0			0				0		101
QPRV00009754_00044	QPRV00009754	0	51053040	175	62666	1		830089785	301	0			0				0		301
QPRV00009754_00042	QPRV00009754	0	720531	175	2065122	1		830089785	103	0			0				0		
QPRV00009754_00041	QPRV00009754	0	51053040	175	192000	1		830089785	101	0			0				0		014
QPRV00009754_00040	QPRV00009754	0	51053040	175	59863	1		830089785	101	0			0				0		009
QPRV00009754_00039	QPRV00009754	0	51053040	175	399462	1		830089785	101	0			0				0		018
QPRV00009754_00038	QPRV00009754	0	52053040	175	1733004	1		830089785	102	0			0				0		
QPRV00009754_00037	QPRV00009754	0	52053040	175	117774	1		830089785	206	0			0				0		
QPRV00009754_00036	QPRV00009754	0	720531	175	65176	1		830089785	106	0			0				0		
QPRV00009754_00035	QPRV00009754	0	52053040	175	354555	1		830089785	502	0			0				0		
QPRV00009754_00034	QPRV00009754	0	51053040	175	133500	1		830089785	101	0			0				0		022
QPRV00009754_00033	QPRV00009754	0	51053040	175	400088	1		830089785	101	0			0				0		026
QPRV00009754_00032	QPRV00009754	0	51053040	175	1305416	1		830089785	101	0			0				0		025
QPRV00009754_00031	QPRV00009754	0	52053040	175	121240	1		830089785	211	0			0				0		
QPRV00009754_00030	QPRV00009754	0	51053040	175	75333	1		830089785	101	0			0				0		029
QPRV00009754_00029	QPRV00009754	0	51053040	175	212692	1		830089785	101	0			0				0		027
QPRV00009754_00028	QPRV00009754	0	52053040	175	205498	1		830089785	302	0			0				0		
QPRV00009754_00027	QPRV00009754	0	51053040	175	214500	1		830089785	101	0			0				0		012
QPRV00009754_00026	QPRV00009754	0	720531	175	1103313	1		830089785	303	0			0				0		
QPRV00009754_00025	QPRV00009754	0	52053040	175	126556	1		830089785	214	0			0				0		
QPRV00009754_00024	QPRV00009754	0	720531	175	197701	1		830089785	503	0			0				0		
QPRV00009754_00043	QPRV00009754	0	51053040	175	81062	1		830089785	101	0			0				0		030
QPRV00009755_00045	QPRV00009755	0	510539	145	257182	1		830089785	101	0			0				0		026
QPRV00009755_00046	QPRV00009755	0	520539	145	110300	1		830089785	302	0			0				0		
QPRV00009755_00047	QPRV00009755	0	720539	145	324127	1		830089785	303	0			0				0		
QPRV00009755_00048	QPRV00009755	0	520539	145	58887	1		830089785	206	0			0				0		
QPRV00009755_00049	QPRV00009755	0	510539	145	630951	1		830089785	101	0			0				0		025
QPRV00009755_00050	QPRV00009755	0	510539	145	26847	1		830089785	101	0			0				0		009
QPRV00009755_00051	QPRV00009755	0	720539	145	26848	1		830089785	106	0			0				0		
QPRV00009755_00052	QPRV00009755	0	520539	145	60620	1		830089785	211	0			0				0		
QPRV00009755_00053	QPRV00009755	0	720539	145	629002	1		830089785	103	0			0				0		
QPRV00009755_00054	QPRV00009755	0	510539	145	107487	1		830089785	101	0			0				0		030
QPRV00009755_00055	QPRV00009755	0	510539	145	66750	1		830089785	101	0			0				0		022
QPRV00009755_00056	QPRV00009755	0	510539	145	104167	1		830089785	101	0			0				0		012
QPRV00009755_00057	QPRV00009755	0	510539	145	92917	1		830089785	101	0			0				0		014
QPRV00009755_00058	QPRV00009755	0	510539	145	116069	1		830089785	101	0			0				0		018
QPRV00009755_00059	QPRV00009755	0	510539	145	533578	1		830089785	101	0			0				0		101
QPRV00009755_00060	QPRV00009755	0	510539	145	84280	1		830089785	101	0			0				0		027
QPRV00009755_00061	QPRV00009755	0	520539	145	63278	1		830089785	214	0			0				0		
QPRV00009755_00062	QPRV00009755	0	720539	145	95973	1		830089785	503	0			0				0		
QPRV00009755_00063	QPRV00009755	0	510539	145	28250	1		830089785	301	0			0				0		301
QPRV00009755_00064	QPRV00009755	0	520539	145	764475	1		830089785	102	0			0				0		
QPRV00009755_00065	QPRV00009755	0	510539	145	34583	1		830089785	101	0			0				0		029
QPRV00009755_00066	QPRV00009755	0	510539	145	366708	1		830089785	101	0			0				0		010
QPRV00009756_00067	QPRV00009756	0	510536	130	214500	1		830089785	101	0			0				0		012
QPRV00009756_00088	QPRV00009756	0	720536	130	197701	1		830089785	503	0			0				0		
QPRV00009756_00069	QPRV00009756	0	720536	130	740417	1		830089785	303	0			0				0		
QPRV00009756_00070	QPRV00009756	0	510536	130	400087	1		830089785	101	0			0				0		026
QPRV00009756_00071	QPRV00009756	0	720536	130	65176	1		830089785	106	0			0				0		
QPRV00009756_00072	QPRV00009756	0	520536	130	126556	1		830089785	214	0			0				0		
QPRV00009756_00073	QPRV00009756	0	510536	130	192000	1		830089785	101	0			0				0		014
QPRV00009756_00074	QPRV00009756	0	520536	130	1733001	1		830089785	102	0			0				0		
QPRV00009756_00075	QPRV00009756	0	510536	130	62666	1		830089785	301	0			0				0		301
QPRV00009756_00076	QPRV00009756	0	510536	130	81062	1		830089785	101	0			0				0		030
QPRV00009756_00077	QPRV00009756	0	510536	130	399463	1		830089785	101	0			0				0		018
QPRV00009756_00078	QPRV00009756	0	510536	130	59863	1		830089785	101	0			0				0		009
QPRV00009756_00079	QPRV00009756	0	510536	130	531089	1		830089785	101	0			0				0		101
QPRV00009756_00080	QPRV00009756	0	720536	130	1679219	1		830089785	103	0			0				0		
QPRV00009756_00081	QPRV00009756	0	510536	130	212693	1		830089785	101	0			0				0		027
QPRV00009756_00082	QPRV00009756	0	520536	130	205498	1		830089785	302	0			0				0		
QPRV00009756_00083	QPRV00009756	0	510536	130	133500	1		830089785	101	0			0				0		022
QPRV00009756_00084	QPRV00009756	0	520536	130	354555	1		830089785	502	0			0				0		
QPRV00009756_00085	QPRV00009756	0	510536	130	75333	1		830089785	101	0			0				0		029
QPRV00009756_00086	QPRV00009756	0	520536	130	121240	1		830089785	211	0			0				0		
QPRV00009756_00087	QPRV00009756	0	510536	130	1305416	1		830089785	101	0			0				0		025
QPRV00009756_00068	QPRV00009756	0	520536	130	117774	1		830089785	206	0			0				0		
