QPRF00004489_00001	QPRF00004489	0	52057040	SOLID	300	1		900336004	102	0			0				0		
QPRF00004490_00002	QPRF00004490	0	51057040	SOLID	100	1		800227940	101	0			0				0		026
QPRF00004491_00004	QPRF00004491	0	51057240	I.C.B.F	175900	1		899999239	101	0			0				0		101
QPRF00004491_00003	QPRF00004491	0	51057240	I.C.B.F	469900	1		899999239	101	0			0				0		025
QPRF00004491_00005	QPRF00004491	0	51057240	I.C.B.F	184800	1		899999239	101	0			0				0		010
QPRF00004492_00006	QPRF00004492	0	51057240	SENA	313300	1		899999034	101	0			0				0		025
QPRF00004492_00007	QPRF00004492	0	51057240	SENA	123200	1		899999034	101	0			0				0		010
QPRF00004492_00008	QPRF00004492	0	51057240	SENA	117300	1		899999034	101	0			0				0		101
QPRF00004493_00009	QPRF00004493	0	52057240	C.C.F	21478	1		890303208	214	0			0				0		
QPRF00004494_00010	QPRF00004494	0	72057240	C.C.F	92200	1		890201578	503	0			0				0		
QPRF00004494_00012	QPRF00004494	0	52057240	C.C.F	88000	1		890201578	502	0			0				0		
QPRF00004494_00011	QPRF00004494	0	52057240	C.C.F	72400	1		890201578	102	0			0				0		
QPRF00004495_00013	QPRF00004495	0	52057240	C.C.F	49600	1		890101994	211	0			0				0		
QPRF00004495_00014	QPRF00004495	0	51057240	C.C.F	27100	1		890101994	301	0			0				0		301
QPRF00004495_00015	QPRF00004495	0	52057240	C.C.F	75200	1		890101994	206	0			0				0		
QPRF00004495_00016	QPRF00004495	0	52057240	C.C.F	100800	1		890101994	302	0			0				0		
QPRF00004495_00018	QPRF00004495	0	51057240	C.C.F	6014	1		890101994	101	0			0				0		900
QPRF00004495_00017	QPRF00004495	0	72057240	C.C.F	192300	1		890101994	303	0			0				0		
QPRF00004495_00019	QPRF00004495	0	51057240	C.C.F	40000	1		890101994	101	0			0				0		101
QPRF00004496_00021	QPRF00004496	0	51057240	C.C.F	372400	1		860066942	101	0			0				0		101
QPRF00004496_00020	QPRF00004496	0	51057240	C.C.F	246400	1		860066942	101	0			0				0		010
QPRF00004496_00022	QPRF00004496	0	72057240	C.C.F	655720	1		860066942	103	0			0				0		
QPRF00004496_00033	QPRF00004496	0	51057240	C.C.F	64100	1		860066942	101	0			0				0		022
QPRF00004496_00032	QPRF00004496	0	51057240	C.C.F	113200	1		860066942	101	0			0				0		018
QPRF00004496_00031	QPRF00004496	0	51057240	C.C.F	181000	1		860066942	101	0			0				0		026
QPRF00004496_00030	QPRF00004496	0	51057240	C.C.F	25800	1		860066942	101	0			0				0		009
QPRF00004496_00029	QPRF00004496	0	51057240	C.C.F	95200	1		860066942	101	0			0				0		012
QPRF00004496_00028	QPRF00004496	0	51057240	C.C.F	114200	1		860066942	101	0			0				0		027
QPRF00004496_00027	QPRF00004496	0	51057240	C.C.F	33200	1		860066942	101	0			0				0		029
QPRF00004496_00026	QPRF00004496	0	51057240	C.C.F	64200	1		860066942	101	0			0				0		030
QPRF00004496_00025	QPRF00004496	0	51057240	C.C.F	89200	1		860066942	101	0			0				0		014
QPRF00004496_00024	QPRF00004496	0	51057240	C.C.F	626600	1		860066942	101	0			0				0		025
QPRF00004496_00023	QPRF00004496	0	52057240	C.C.F	740100	1		860066942	102	0			0				0		
QPRF00004497_00034	QPRF00004497	0	52056940	EPS	100	1		860066942	102	0			0				0		
QPRF00004497_00035	QPRF00004497	0	51056940	EPS	498400	1		860066942	101	0			0				0		101
QPRF00004498_00037	QPRF00004498	0	72056940	EPS	25800	1		830003564	103	0			0				0		
QPRF00004498_00036	QPRF00004498	0	52056940	EPS	1100	1		830003564	102	0			0				0		
QPRF00004499_00038	QPRF00004499	0	51056940	EPS	1331500	1		800251440	101	0			0				0		025
QPRF00004499_00039	QPRF00004499	0	72056940	EPS	6	1		800251440	103	0			0				0		
QPRF00004499_00040	QPRF00004499	0	52056940	EPS	22	2		800251440	214	0			0				0		
QPRF00004500_00041	QPRF00004500	0	52056940	EPS	200	1		800250119	102	0			0				0		
QPRF00004500_00042	QPRF00004500	0	51056940	EPS	1400	1		800250119	101	0			0				0		030
QPRF00004501_00044	QPRF00004501	0	51056940	EPS	523700	1		800088702	101	0			0				0		010
QPRF00004501_00043	QPRF00004501	0	51056940	EPS	14	1		800088702	101	0			0				0		900
QPRF00004502_00045	QPRF00004502	0	72056803	ARP	124200	1		860002503	503	0			0				0		
QPRF00004502_00046	QPRF00004502	0	52056803	ARP	130900	1		860002503	206	0			0				0		
QPRF00004502_00047	QPRF00004502	0	51056803	ARP	15400	1		860002503	101	0			0				0		014
QPRF00004502_00048	QPRF00004502	0	52056803	ARP	23357	1		860002503	214	0			0				0		
QPRF00004502_00049	QPRF00004502	0	51056803	ARP	123200	1		860002503	101	0			0				0		027
QPRF00004502_00050	QPRF00004502	0	51056803	ARP	3400	1		860002503	101	0			0				0		009
QPRF00004502_00051	QPRF00004502	0	72056803	ARP	980314	1		860002503	103	0			0				0		
QPRF00004502_00052	QPRF00004502	0	52056803	ARP	175500	1		860002503	302	0			0				0		
QPRF00004502_00053	QPRF00004502	0	51056803	ARP	50452	1		860002503	101	0			0				0		026
QPRF00004502_00054	QPRF00004502	0	51056803	ARP	65500	1		860002503	101	0			0				0		018
QPRF00004502_00055	QPRF00004502	0	51056803	ARP	3500	1		860002503	301	0			0				0		301
QPRF00004502_00056	QPRF00004502	0	51056803	ARP	192900	1		860002503	101	0			0				0		101
QPRF00004502_00057	QPRF00004502	0	72056803	ARP	253328	1		860002503	303	0			0				0		
QPRF00004502_00058	QPRF00004502	0	51056803	ARP	10500	1		860002503	101	0			0				0		900
QPRF00004502_00059	QPRF00004502	0	51056803	ARP	32700	1		860002503	101	0			0				0		025
QPRF00004502_00060	QPRF00004502	0	52056803	ARP	650700	1		860002503	102	0			0				0		
QPRF00004502_00061	QPRF00004502	0	51056803	ARP	151000	1		860002503	101	0			0				0		012
QPRF00004502_00062	QPRF00004502	0	51056803	ARP	32200	1		860002503	101	0			0				0		010
QPRF00004502_00063	QPRF00004502	0	52056803	ARP	86300	1		860002503	211	0			0				0		
QPRF00004502_00064	QPRF00004502	0	51056803	ARP	8400	1		860002503	101	0			0				0		022
QPRF00004502_00065	QPRF00004502	0	52056803	ARP	11500	1		860002503	502	0			0				0		
QPRF00004502_00066	QPRF00004502	0	51056803	ARP	57800	1		860002503	101	0			0				0		029
QPRF00004502_00067	QPRF00004502	0	51056803	ARP	112800	1		860002503	101	0			0				0		030
QPRF00004503_00073	QPRF00004503	0	51057040	AFP	84000	1		900336004	101	0			0				0		012
QPRF00004503_00072	QPRF00004503	0	72057040	AFP	323200	1		900336004	103	0			0				0		
QPRF00004503_00071	QPRF00004503	0	51057040	AFP	77300	1		900336004	101	0			0				0		009
QPRF00004503_00070	QPRF00004503	0	52057040	AFP	642100	1		900336004	102	0			0				0		
QPRF00004503_00069	QPRF00004503	0	51057040	AFP	180000	1		900336004	101	0			0				0		018
QPRF00004503_00068	QPRF00004503	0	51057040	AFP	83800	1		900336004	101	0			0				0		027
QPRF00004504_00080	QPRF00004504	0	51057040	AFP	79800	1		800229739	101	0			0				0		018
QPRF00004504_00081	QPRF00004504	0	72057040	AFP	161100	1		800229739	303	0			0				0		
QPRF00004504_00082	QPRF00004504	0	51057040	AFP	192200	1		800229739	101	0			0				0		022
QPRF00004504_00083	QPRF00004504	0	51057040	AFP	81400	1		800229739	301	0			0				0		301
QPRF00004504_00084	QPRF00004504	0	51057040	AFP	85800	1		800229739	101	0			0				0		030
QPRF00004504_00085	QPRF00004504	0	52057040	AFP	148800	1		800229739	211	0			0				0		
QPRF00004504_00079	QPRF00004504	0	51057040	AFP	87600	1		800229739	101	0			0				0		014
QPRF00004504_00078	QPRF00004504	0	72057040	AFP	199000	1		800229739	503	0			0				0		
QPRF00004504_00077	QPRF00004504	0	51057040	AFP	18100	1		800229739	101	0			0				0		900
QPRF00004504_00076	QPRF00004504	0	51057040	AFP	739400	1		800229739	101	0			0				0		010
QPRF00004504_00075	QPRF00004504	0	72057040	AFP	994922	1		800229739	103	0			0				0		
QPRF00004504_00074	QPRF00004504	0	52057040	AFP	225800	1		800229739	206	0			0				0		
QPRF00004504_00086	QPRF00004504	0	52057040	AFP	471200	1		800229739	102	0			0				0		
QPRF00004504_00087	QPRF00004504	0	51057040	AFP	256600	1		800229739	101	0			0				0		027
QPRF00004505_00089	QPRF00004505	0	72057040	AFP	92800	1		800227940	303	0			0				0		
QPRF00004505_00088	QPRF00004505	0	52057040	AFP	637600	1		800227940	102	0			0				0		
QPRF00004505_00092	QPRF00004505	0	51057040	AFP	579900	1		800227940	101	0			0				0		026
QPRF00004505_00091	QPRF00004505	0	52057040	AFP	264000	1		800227940	502	0			0				0		
QPRF00004505_00090	QPRF00004505	0	51057040	AFP	823600	1		800227940	101	0			0				0		101
QPRF00004506_00098	QPRF00004506	0	52057040	AFP	64400	1		800224808	214	0			0				0		
QPRF00004506_00099	QPRF00004506	0	72057040	AFP	762300	1		800224808	103	0			0				0		
QPRF00004506_00100	QPRF00004506	0	51057040	AFP	112600	1		800224808	101	0			0				0		030
QPRF00004506_00101	QPRF00004506	0	51057040	AFP	180000	1		800224808	101	0			0				0		014
QPRF00004506_00102	QPRF00004506	0	72057040	AFP	332500	1		800224808	303	0			0				0		
QPRF00004506_00103	QPRF00004506	0	52057040	AFP	302600	1		800224808	302	0			0				0		
QPRF00004506_00104	QPRF00004506	0	51057040	AFP	79800	1		800224808	101	0			0				0		018
QPRF00004506_00097	QPRF00004506	0	51057040	AFP	419400	1		800224808	101	0			0				0		101
QPRF00004506_00105	QPRF00004506	0	52057040	AFP	757500	1		800224808	102	0			0				0		
QPRF00004506_00095	QPRF00004506	0	72057040	AFP	77300	1		800224808	503	0			0				0		
QPRF00004506_00094	QPRF00004506	0	51057040	AFP	99600	1		800224808	101	0			0				0		029
QPRF00004506_00093	QPRF00004506	0	51057040	AFP	44000	1		800224808	101	0			0				0		027
QPRF00004506_00096	QPRF00004506	0	51057040	AFP	216000	1		800224808	101	0			0				0		012
