QPRV00009757_00001	QPRV00009757	0	520533	190	332523	1		830089785	102	0			0				0		
QPRV00009757_00022	QPRV00009757	0	520533	190	40461	1		830089785	302	0			0				0		
QPRV00009757_00003	QPRV00009757	0	510533	190	69920	1		830089785	101	0			0				0		101
QPRV00009757_00004	QPRV00009757	0	520533	190	15708	1		830089785	206	0			0				0		
QPRV00009757_00005	QPRV00009757	0	510533	190	17189	1		830089785	101	0			0				0		029
QPRV00009757_00006	QPRV00009757	0	510533	190	42192	1		830089785	101	0			0				0		018
QPRV00009757_00007	QPRV00009757	0	510533	190	32493	1		830089785	101	0			0				0		014
QPRV00009757_00008	QPRV00009757	0	510533	190	53	1		830089785	101	0			0				0		900
QPRV00009757_00009	QPRV00009757	0	510533	190	30705	1		830089785	101	0			0				0		022
QPRV00009757_00010	QPRV00009757	0	720533	190	102104	1		830089785	303	0			0				0		
QPRV00009757_00011	QPRV00009757	0	510533	190	8605	1		830089785	301	0			0				0		301
QPRV00009757_00012	QPRV00009757	0	510533	190	300246	1		830089785	101	0			0				0		025
QPRV00009757_00013	QPRV00009757	0	510533	190	40460	1		830089785	101	0			0				0		027
QPRV00009757_00014	QPRV00009757	0	510533	190	17541	1		830089785	101	0			0				0		030
QPRV00009757_00015	QPRV00009757	0	510533	190	32511	1		830089785	101	0			0				0		026
QPRV00009757_00016	QPRV00009757	0	720533	190	300068	1		830089785	103	0			0				0		
QPRV00009757_00017	QPRV00009757	0	520533	190	943	1		830089785	214	0			0				0		
QPRV00009757_00018	QPRV00009757	0	520533	190	60185	1		830089785	502	0			0				0		
QPRV00009757_00019	QPRV00009757	0	720533	190	45594	1		830089785	503	0			0				0		
QPRV00009757_00020	QPRV00009757	0	520533	190	12632	1		830089785	211	0			0				0		
QPRV00009757_00021	QPRV00009757	0	510533	190	13768	1		830089785	101	0			0				0		009
QPRV00009757_00002	QPRV00009757	0	510533	190	46613	1		830089785	101	0			0				0		012
QPRV00009758_00023	QPRV00009758	0	51053040	175	251208	1		830089785	101	0			0				0		027
QPRV00009758_00024	QPRV00009758	0	51053040	175	192000	1		830089785	101	0			0				0		014
QPRV00009758_00025	QPRV00009758	0	720531	175	446934	1		830089785	303	0			0				0		
QPRV00009758_00026	QPRV00009758	0	51053040	175	62667	1		830089785	301	0			0				0		301
QPRV00009758_00027	QPRV00009758	0	52053040	175	109534	1		830089785	211	0			0				0		
QPRV00009758_00028	QPRV00009758	0	51053040	175	59862	1		830089785	101	0			0				0		009
QPRV00009758_00029	QPRV00009758	0	51053040	175	186584	1		830089785	101	0			0				0		018
QPRV00009758_00030	QPRV00009758	0	51053040	175	22601	1		830089785	101	0			0				0		900
QPRV00009758_00031	QPRV00009758	0	52053040	175	183357	1		830089785	502	0			0				0		
QPRV00009758_00032	QPRV00009758	0	51053040	175	303049	1		830089785	101	0			0				0		101
QPRV00009758_00033	QPRV00009758	0	51053040	175	133500	1		830089785	101	0			0				0		022
QPRV00009758_00034	QPRV00009758	0	51053040	175	93818	2		830089785	101	0			0				0		018
QPRV00009758_00035	QPRV00009758	0	720531	175	197907	1		830089785	503	0			0				0		
QPRV00009758_00036	QPRV00009758	0	52053040	175	156725	1		830089785	206	0			0				0		
QPRV00009758_00037	QPRV00009758	0	51053040	175	173158	1		830089785	101	0			0				0		026
QPRV00009758_00038	QPRV00009758	0	52053040	175	33563	1		830089785	214	0			0				0		
QPRV00009758_00039	QPRV00009758	0	51053040	175	152885	1		830089785	101	0			0				0		030
QPRV00009758_00040	QPRV00009758	0	52053040	175	1591726	1		830089785	102	0			0				0		
QPRV00009758_00041	QPRV00009758	0	51053040	175	212650	1		830089785	101	0			0				0		012
QPRV00009758_00042	QPRV00009758	0	720531	175	1566377	1		830089785	103	0			0				0		
QPRV00009758_00043	QPRV00009758	0	52053040	175	210049	1		830089785	302	0			0				0		
QPRV00009758_00044	QPRV00009758	0	51053040	175	1305417	1		830089785	101	0			0				0		025
QPRV00009758_00045	QPRV00009758	0	51053040	175	75334	1		830089785	101	0			0				0		029
QPRV00009758_00046	QPRV00009758	0	51053040	175	54799	2		830089785	101	0			0				0		101
QPRV00009759_00068	QPRV00009759	0	510539	145	92916	1		830089785	101	0			0				0		014
QPRV00009759_00047	QPRV00009759	0	520539	145	16781	1		830089785	214	0			0				0		
QPRV00009759_00066	QPRV00009759	0	510539	145	34583	1		830089785	101	0			0				0		029
QPRV00009759_00065	QPRV00009759	0	520539	145	51684	1		830089785	211	0			0				0		
QPRV00009759_00064	QPRV00009759	0	510539	145	366708	1		830089785	101	0			0				0		010
QPRV00009759_00063	QPRV00009759	0	520539	145	112642	1		830089785	302	0			0				0		
QPRV00009759_00062	QPRV00009759	0	510539	145	26848	1		830089785	101	0			0				0		009
QPRV00009759_00061	QPRV00009759	0	720539	145	189059	1		830089785	303	0			0				0		
QPRV00009759_00060	QPRV00009759	0	510539	145	64460	1		830089785	101	0			0				0		030
QPRV00009759_00059	QPRV00009759	0	510539	145	113892	1		830089785	101	0			0				0		026
QPRV00009759_00058	QPRV00009759	0	720539	145	603074	1		830089785	103	0			0				0		
QPRV00009759_00057	QPRV00009759	0	510539	145	84279	1		830089785	101	0			0				0		027
QPRV00009759_00056	QPRV00009759	0	510539	145	117917	1		830089785	101	0			0				0		018
QPRV00009759_00055	QPRV00009759	0	510539	145	2240966	1		830089785	101	0			0				0		025
QPRV00009759_00054	QPRV00009759	0	510539	145	6265	1		830089785	101	0			0				0		900
QPRV00009759_00053	QPRV00009759	0	510539	145	536357	1		830089785	101	0			0				0		101
QPRV00009759_00052	QPRV00009759	0	510539	145	66750	1		830089785	101	0			0				0		022
QPRV00009759_00051	QPRV00009759	0	510539	145	150833	1		830089785	101	0			0				0		012
QPRV00009759_00050	QPRV00009759	0	510539	145	28250	1		830089785	301	0			0				0		301
QPRV00009759_00049	QPRV00009759	0	720539	145	26847	1		830089785	503	0			0				0		
QPRV00009759_00048	QPRV00009759	0	520539	145	508304	1		830089785	102	0			0				0		
QPRV00009759_00067	QPRV00009759	0	520539	145	78362	1		830089785	206	0			0				0		
QPRV00009760_00090	QPRV00009760	0	510536	130	174376	1		830089785	101	0			0				0		027
QPRV00009760_00089	QPRV00009760	0	510536	130	144166	1		830089785	101	0			0				0		030
QPRV00009760_00088	QPRV00009760	0	510536	130	75334	1		830089785	101	0			0				0		029
QPRV00009760_00087	QPRV00009760	0	510536	130	59862	1		830089785	101	0			0				0		009
QPRV00009760_00086	QPRV00009760	0	520536	130	183356	1		830089785	502	0			0				0		
QPRV00009760_00085	QPRV00009760	0	720536	130	446939	1		830089785	303	0			0				0		
QPRV00009760_00084	QPRV00009760	0	720536	130	1432996	1		830089785	103	0			0				0		
QPRV00009760_00083	QPRV00009760	0	520536	130	210050	1		830089785	302	0			0				0		
QPRV00009760_00082	QPRV00009760	0	510536	130	173159	1		830089785	101	0			0				0		026
QPRV00009760_00081	QPRV00009760	0	510536	130	133500	1		830089785	101	0			0				0		022
QPRV00009760_00080	QPRV00009760	0	510536	130	62667	1		830089785	301	0			0				0		301
QPRV00009760_00079	QPRV00009760	0	510536	130	54798	2		830089785	101	0			0				0		101
QPRV00009760_00078	QPRV00009760	0	510536	130	175583	1		830089785	101	0			0				0		018
QPRV00009760_00077	QPRV00009760	0	520536	130	109535	1		830089785	211	0			0				0		
QPRV00009760_00076	QPRV00009760	0	510536	130	1305417	1		830089785	101	0			0				0		025
QPRV00009760_00075	QPRV00009760	0	720536	130	197908	1		830089785	503	0			0				0		
QPRV00009760_00074	QPRV00009760	0	510536	130	188112	1		830089785	101	0			0				0		014
QPRV00009760_00073	QPRV00009760	0	520536	130	33563	1		830089785	214	0			0				0		
QPRV00009760_00072	QPRV00009760	0	510536	130	93817	2		830089785	101	0			0				0		018
QPRV00009760_00071	QPRV00009760	0	510536	130	301050	1		830089785	101	0			0				0		101
QPRV00009760_00070	QPRV00009760	0	520536	130	156726	1		830089785	206	0			0				0		
QPRV00009760_00091	QPRV00009760	0	510536	130	212650	1		830089785	101	0			0				0		012
QPRV00009760_00069	QPRV00009760	0	520536	130	1588842	1		830089785	102	0			0				0		
