QPRV00009737_00001	QPRV00009737	0	520533	190	1569	1		830089785	206	0			0				0		
QPRV00009737_00002	QPRV00009737	0	510533	190	12969	1		830089785	101	0			0				0		014
QPRV00009737_00020	QPRV00009737	0	720533	190	7835	1		830089785	106	0			0				0		
QPRV00009737_00019	QPRV00009737	0	510533	190	7782	1		830089785	101	0			0				0		009
QPRV00009737_00018	QPRV00009737	0	510533	190	33770	1		830089785	101	0			0				0		012
QPRV00009737_00017	QPRV00009737	0	520533	190	193412	1		830089785	102	0			0				0		
QPRV00009737_00016	QPRV00009737	0	720533	190	29674	1		830089785	503	0			0				0		
QPRV00009737_00015	QPRV00009737	0	520533	190	1593	1		830089785	211	0			0				0		
QPRV00009737_00014	QPRV00009737	0	720533	190	73680	1		830089785	303	0			0				0		
QPRV00009737_00013	QPRV00009737	0	520533	190	16776	1		830089785	302	0			0				0		
QPRV00009737_00012	QPRV00009737	0	510533	190	2337	1		830089785	301	0			0				0		301
QPRV00009737_00011	QPRV00009737	0	720533	190	167659	1		830089785	103	0			0				0		
QPRV00009737_00010	QPRV00009737	0	510533	190	27238	1		830089785	101	0			0				0		027
QPRV00009737_00009	QPRV00009737	0	510533	190	169704	1		830089785	101	0			0				0		025
QPRV00009737_00008	QPRV00009737	0	510533	190	17355	1		830089785	101	0			0				0		022
QPRV00009737_00007	QPRV00009737	0	520533	190	44690	1		830089785	502	0			0				0		
QPRV00009737_00006	QPRV00009737	0	510533	190	38322	1		830089785	101	0			0				0		101
QPRV00009737_00005	QPRV00009737	0	510533	190	46443	1		830089785	101	0			0				0		026
QPRV00009737_00004	QPRV00009737	0	510533	190	22483	1		830089785	101	0			0				0		018
QPRV00009737_00003	QPRV00009737	0	510533	190	9691	1		830089785	101	0			0				0		029
QPRV00009738_00021	QPRV00009738	0	720531	175	638876	1		830089785	303	0			0				0		
QPRV00009738_00040	QPRV00009738	0	51053040	175	189500	1		830089785	101	0			0				0		014
QPRV00009738_00038	QPRV00009738	0	51053040	175	307439	1		830089785	101	0			0				0		026
QPRV00009738_00037	QPRV00009738	0	51053040	175	133500	1		830089785	101	0			0				0		022
QPRV00009738_00036	QPRV00009738	0	720531	175	256125	1		830089785	503	0			0				0		
QPRV00009738_00035	QPRV00009738	0	52053040	175	85223	1		830089785	211	0			0				0		
QPRV00009738_00034	QPRV00009738	0	720531	175	59863	1		830089785	106	0			0				0		
QPRV00009738_00033	QPRV00009738	0	51053040	175	303000	1		830089785	101	0			0				0		101
QPRV00009738_00032	QPRV00009738	0	51053040	175	75334	1		830089785	101	0			0				0		029
QPRV00009738_00031	QPRV00009738	0	51053040	175	279000	1		830089785	101	0			0				0		012
QPRV00009738_00030	QPRV00009738	0	51053040	175	62667	1		830089785	301	0			0				0		301
QPRV00009738_00029	QPRV00009738	0	51053040	175	1305417	1		830089785	101	0			0				0		025
QPRV00009738_00028	QPRV00009738	0	52053040	175	1491263	1		830089785	102	0			0				0		
QPRV00009738_00027	QPRV00009738	0	51053040	175	210913	1		830089785	101	0			0				0		027
QPRV00009738_00026	QPRV00009738	0	720531	175	1425717	1		830089785	103	0			0				0		
QPRV00009738_00025	QPRV00009738	0	52053040	175	138698	1		830089785	302	0			0				0		
QPRV00009738_00024	QPRV00009738	0	51053040	175	59863	1		830089785	101	0			0				0		009
QPRV00009738_00023	QPRV00009738	0	51053040	175	180672	1		830089785	101	0			0				0		018
QPRV00009738_00022	QPRV00009738	0	52053040	175	83666	1		830089785	206	0			0				0		
QPRV00009738_00039	QPRV00009738	0	52053040	175	344448	1		830089785	502	0			0				0		
QPRV00009739_00041	QPRV00009739	0	520539	145	69349	1		830089785	302	0			0				0		
QPRV00009739_00042	QPRV00009739	0	520539	145	318417	1		830089785	502	0			0				0		
QPRV00009739_00043	QPRV00009739	0	510539	145	66750	1		830089785	101	0			0				0		022
QPRV00009739_00044	QPRV00009739	0	510539	145	366709	1		830089785	101	0			0				0		010
QPRV00009739_00045	QPRV00009739	0	520539	145	39528	1		830089785	211	0			0				0		
QPRV00009739_00046	QPRV00009739	0	520539	145	38750	1		830089785	206	0			0				0		
QPRV00009739_00047	QPRV00009739	0	720539	145	398748	1		830089785	303	0			0				0		
QPRV00009739_00048	QPRV00009739	0	720539	145	26848	1		830089785	106	0			0				0		
QPRV00009739_00049	QPRV00009739	0	510539	145	153719	1		830089785	101	0			0				0		026
QPRV00009739_00050	QPRV00009739	0	510539	145	674465	1		830089785	101	0			0				0		025
QPRV00009739_00051	QPRV00009739	0	510539	145	87979	1		830089785	101	0			0				0		018
QPRV00009739_00052	QPRV00009739	0	720539	145	500482	1		830089785	503	0			0				0		
QPRV00009739_00053	QPRV00009739	0	510539	145	29292	1		830089785	101	0			0				0		501
QPRV00009739_00054	QPRV00009739	0	510539	145	133334	1		830089785	101	0			0				0		012
QPRV00009739_00055	QPRV00009739	0	510539	145	91666	1		830089785	101	0			0				0		014
QPRV00009739_00056	QPRV00009739	0	510539	145	26848	1		830089785	101	0			0				0		009
QPRV00009739_00057	QPRV00009739	0	510539	145	389649	1		830089785	101	0			0				0		101
QPRV00009739_00058	QPRV00009739	0	520539	145	1039769	1		830089785	102	0			0				0		
QPRV00009739_00059	QPRV00009739	0	720539	145	653470	1		830089785	103	0			0				0		
QPRV00009739_00060	QPRV00009739	0	510539	145	34584	1		830089785	101	0			0				0		029
QPRV00009739_00061	QPRV00009739	0	510539	145	84279	1		830089785	101	0			0				0		027
QPRV00009739_00062	QPRV00009739	0	510539	145	28250	1		830089785	301	0			0				0		301
QPRV00009740_00063	QPRV00009740	0	510536	130	279000	1		830089785	101	0			0				0		012
QPRV00009740_00083	QPRV00009740	0	720536	130	1425720	1		830089785	103	0			0				0		
QPRV00009740_00065	QPRV00009740	0	510536	130	1305417	1		830089785	101	0			0				0		025
QPRV00009740_00066	QPRV00009740	0	510536	130	133500	1		830089785	101	0			0				0		022
QPRV00009740_00067	QPRV00009740	0	510536	130	180672	1		830089785	101	0			0				0		018
QPRV00009740_00068	QPRV00009740	0	510536	130	75333	1		830089785	101	0			0				0		029
QPRV00009740_00069	QPRV00009740	0	720536	130	698742	1		830089785	303	0			0				0		
QPRV00009740_00070	QPRV00009740	0	510536	130	303000	1		830089785	101	0			0				0		101
QPRV00009740_00071	QPRV00009740	0	520536	130	83667	1		830089785	206	0			0				0		
QPRV00009740_00072	QPRV00009740	0	520536	130	138698	1		830089785	302	0			0				0		
QPRV00009740_00073	QPRV00009740	0	510536	130	307439	1		830089785	101	0			0				0		026
QPRV00009740_00074	QPRV00009740	0	510536	130	59863	1		830089785	101	0			0				0		009
QPRV00009740_00075	QPRV00009740	0	510536	130	62667	1		830089785	301	0			0				0		301
QPRV00009740_00076	QPRV00009740	0	720536	130	59863	1		830089785	106	0			0				0		
QPRV00009740_00077	QPRV00009740	0	510536	130	210913	1		830089785	101	0			0				0		027
QPRV00009740_00078	QPRV00009740	0	520536	130	344447	1		830089785	502	0			0				0		
QPRV00009740_00079	QPRV00009740	0	520536	130	1491264	1		830089785	102	0			0				0		
QPRV00009740_00080	QPRV00009740	0	720536	130	375851	1		830089785	503	0			0				0		
QPRV00009740_00081	QPRV00009740	0	520536	130	85224	1		830089785	211	0			0				0		
QPRV00009740_00082	QPRV00009740	0	510536	130	64750	1		830089785	101	0			0				0		501
QPRV00009740_00064	QPRV00009740	0	510536	130	189500	1		830089785	101	0			0				0		014
																			
																			
																			
																			
																			
																			
																			
																			
																			
																			
																			
																			
																			
																			
																			
																			
																			
																			
																			
																			
																			
																			
																			
																			
																			
																			
																			
																			
																			
																			
																			
																			
																			
																			
																			
																			
																			
																			
																			
																			
																			
																			
																			
																			
																			
																			
																			
																			
																			
																			
																			
																			
																			
																			
																			
																			
																			
																			
																			
																			
																			
																			
																			
																			
																			
																			
																			
																			
																			
																			
																			
																			
																			
																			
																			
																			
																			
																			
																			
																			
																			
																			
																			
																			
																			
																			
																			
																			
																			
																			
																			
																			
																			
																			
																			
																			
																			
																			
																			
																			
																			
																			
																			
																			
																			
																			
																			
																			
																			
																			
																			
																			
																			
																			
																			
																			
																			
																			
																			
																			
																			
																			
																			
																			
																			
																			
																			
																			
																			
																			
																			
																			
																			
																			
																			
																			
																			
																			
																			
																			
																			
																			
																			
																			
																			
																			
																			
																			
																			
																			
																			
																			
																			
																			
																			
																			
																			
																			
																			
																			
																			
																			
																			
																			
																			
																			
																			
																			
																			
																			
																			
																			
																			
																			
																			
																			
																			
																			
																			
																			
																			
																			
																			
																			
																			
																			
																			
																			
																			
																			
																			
																			
																			
																			
																			
																			
																			
																			
																			
																			
																			
																			
																			
																			
																			
																			
																			
																			
																			
																			
																			
																			
																			
																			
																			
																			
																			
																			
																			
																			
																			
																			
																			
																			
																			
																			
																			
																			
																			
																			
																			
																			
																			
																			
																			
																			
																			
																			
																			
																			
																			
																			
																			
																			
																			
																			
																			
																			
																			
																			
																			
																			
																			
																			
																			
																			
																			
																			
																			
																			
																			
																			
																			
																			
																			
																			
																			
																			
																			
																			
																			
																			
																			
																			
																			
																			
																			
																			
																			
																			
																			
																			
																			
																			
																			
																			
																			
																			
																			
																			
																			
																			
																			
																			
																			
																			
																			
																			
																			
																			
																			
																			
																			
																			
																			
																			
																			
																			
																			
																			
																			
																			
																			
																			
																			
																			
																			
																			
																			
																			
																			
																			
																			
																			
																			
																			
																			
																			
																			
																			
																			
																			
																			
																			
																			
																			
																			
																			
																			
																			
																			
																			
																			
																			
																			
																			
																			
																			
																			
																			
																			
																			
																			
																			
																			
																			
																			
																			
																			
																			
																			
																			
																			
																			
																			
																			
																			
																			
																			
																			
																			
																			
																			
																			
																			
																			
																			
																			
																			
																			
																			
																			
																			
																			
																			
																			
																			
																			
																			
																			
																			
																			
																			
																			
																			
																			
																			
																			
																			
																			
																			
																			
																			
																			
																			
																			
																			
																			
																			
																			
																			
																			
																			
																			
																			
																			
																			
																			
																			
																			
																			
																			
																			
																			
																			
																			
																			
																			
																			
																			
																			
																			
																			
																			
																			
																			
																			
																			
																			
																			
																			
																			
																			
																			
																			
																			
																			
																			
																			
																			
																			
																			
																			
																			
																			
																			
																			
																			
																			
																			
																			
																			
																			
																			
																			
																			
																			
																			
																			
																			
																			
																			
																			
																			
																			
																			
																			
																			
																			
																			
																			
																			
																			
																			
																			
																			
																			
																			
																			
																			
																			
																			
																			
																			
																			
																			
