QPRV00001313_00009	QPRV00001313	0	510533	190	8577	1	8577	900428423	093	0			0				0		011
QPRV00001313_00008	QPRV00001313	0	520533	190	30617	1	30617	900428423	103	0			0				0		
QPRV00001313_00007	QPRV00001313	0	510533	190	45734	1	45734	900428423	100	0			0				0		100
QPRV00001313_00006	QPRV00001313	0	520533	190	92219	1	92219	900428423	001	0			0				0		
QPRV00001313_00010	QPRV00001313	0	510533	190	6082	1	6082	900428423	100	0			0				0		018
QPRV00001313_00005	QPRV00001313	0	520533	190	24919	1	24919	900428423	520	0			0				0		
QPRV00001314_00014	QPRV00001314	0	52053040	175	310710	1	310710	900428423	520	0			0				0		
QPRV00001314_00013	QPRV00001314	0	51053040	175	67460	1	67460	900428423	100	0			0				0		018
QPRV00001314_00012	QPRV00001314	0	51053040	175	95475	1	95475	900428423	093	0			0				0		011
QPRV00001314_00011	QPRV00001314	0	52053040	175	370810	1	370810	900428423	103	0			0				0		
QPRV00001314_00015	QPRV00001314	0	52053040	175	1141918	1	1141918	900428423	001	0			0				0		
QPRV00001314_00016	QPRV00001314	0	51053040	175	496943	1	496943	900428423	100	0			0				0		100
QPRV00001315_00017	QPRV00001315	0	510539	145	44500	1	44500	900428423	093	0			0				0		011
QPRV00001315_00018	QPRV00001315	0	520539	145	131099	1	131099	900428423	520	0			0				0		
QPRV00001315_00019	QPRV00001315	0	510539	145	30709	1	30709	900428423	100	0			0				0		018
QPRV00001315_00020	QPRV00001315	0	520539	145	448949	1	448949	900428423	001	0			0				0		
QPRV00001315_00021	QPRV00001315	0	510539	145	672219	1	672219	900428423	093	0			0				0		020
QPRV00001315_00022	QPRV00001315	0	520539	145	208537	1	208537	900428423	103	0			0				0		
QPRV00001315_00023	QPRV00001315	0	510539	145	223238	1	223238	900428423	100	0			0				0		100
QPRV00001315_00024	QPRV00001315	0	520539	145	96240	2	-96240	900428423	001	0			0				0		
QPRV00001316_00025	QPRV00001316	0	520536	130	310710	1	310710	900428423	520	0			0				0		
QPRV00001316_00026	QPRV00001316	0	510536	130	95475	1	95475	900428423	093	0			0				0		011
QPRV00001316_00027	QPRV00001316	0	520536	130	370810	1	370810	900428423	103	0			0				0		
QPRV00001316_00028	QPRV00001316	0	510536	130	67460	1	67460	900428423	100	0			0				0		018
QPRV00001316_00029	QPRV00001316	0	510536	130	496943	1	496943	900428423	100	0			0				0		100
QPRV00001316_00030	QPRV00001316	0	520536	130	1141918	1	1141918	900428423	001	0			0				0		
