QPRF00000753_00001	QPRF00000753	0	51057240	I.C.B.F	188200	1		899999239	093	0			0				0		020
QPRF00000754_00002	QPRF00000754	0	51057240	SENA	125500	1		899999034	093	0			0				0		020
QPRF00000755_00003	QPRF00000755	0	52057240	C.C.F	194500	1		890303208	001	0			0				0		
QPRF00000756_00004	QPRF00000756	0	52057240	C.C.F	159600	1		890201578	103	0			0				0		
QPRF00000757_00005	QPRF00000757	0	52057240	C.C.F	153000	1		890101994	520	0			0				0		
QPRF00000758_00006	QPRF00000758	0	51057240	C.C.F	251000	1		860066942	093	0			0				0		020
QPRF00000758_00007	QPRF00000758	0	51057240	C.C.F	235400	1		860066942	100	0			0				0		100
QPRF00000758_00008	QPRF00000758	0	52057240	C.C.F	330600	1		860066942	001	0			0				0		
QPRF00000758_00009	QPRF00000758	0	51057240	C.C.F	42700	1		860066942	093	0			0				0		011
QPRF00000758_00010	QPRF00000758	0	51057240	C.C.F	27500	1		860066942	100	0			0				0		018
QPRF00000759_00011	QPRF00000759	0	51056940	EPS	657700	1		860066942	093	0			0				0		020
QPRF00000760_00014	QPRF00000760	0	51056803	ARP	5600	1		860002503	093	0			0				0		011
QPRF00000760_00013	QPRF00000760	0	52056803	ARP	222000	1		860002503	520	0			0				0		
QPRF00000760_00012	QPRF00000760	0	52056803	ARP	270900	1		860002503	001	0			0				0		
QPRF00000760_00015	QPRF00000760	0	52056803	ARP	40200	1		860002503	103	0			0				0		
QPRF00000760_00018	QPRF00000760	0	51056803	ARP	32800	1		860002503	093	0			0				0		020
QPRF00000760_00017	QPRF00000760	0	51056803	ARP	3600	1		860002503	100	0			0				0		018
QPRF00000760_00016	QPRF00000760	0	51056803	ARP	56300	1		860002503	100	0			0				0		100
QPRF00000761_00019	QPRF00000761	0	52057040	AFP	82713	1		900336004	520	0			0				0		
QPRF00000762_00020	QPRF00000762	0	52057040	AFP	520200	1		800229739	001	0			0				0		
QPRF00000762_00021	QPRF00000762	0	52057040	AFP	90200	1		800229739	103	0			0				0		
QPRF00000762_00022	QPRF00000762	0	51057040	AFP	928600	1		800229739	093	0			0				0		020
QPRF00000763_00023	QPRF00000763	0	52057040	AFP	186400	1		800227940	001	0			0				0		
QPRF00000763_00024	QPRF00000763	0	52057040	AFP	89600	1		800227940	520	0			0				0		
QPRF00000764_00025	QPRF00000764	0	52057040	AFP	388500	1		800224808	103	0			0				0		
QPRF00000764_00026	QPRF00000764	0	52057040	AFP	286600	1		800224808	520	0			0				0		
QPRF00000764_00029	QPRF00000764	0	51057040	AFP	706400	1		800224808	100	0			0				0		100
QPRF00000764_00028	QPRF00000764	0	51057040	AFP	128200	1		800224808	093	0			0				0		011
QPRF00000764_00027	QPRF00000764	0	51057040	AFP	88400	1		800224808	100	0			0				0		018
QPRF00000764_00030	QPRF00000764	0	52057040	AFP	868600	1		800224808	001	0			0				0		
