QPRV00001309_00011	QPRV00001309	0	520533	190	8015	1		900428423	520	0			0				0		
QPRV00001309_00012	QPRV00001309	0	510533	190	4746	1		900428423	100	0			0				0		018
QPRV00001309_00007	QPRV00001309	0	520533	190	20388	1		900428423	103	0			0				0		
QPRV00001309_00008	QPRV00001309	0	520533	190	17186	1		900428423	101	0			0				0		
QPRV00001309_00010	QPRV00001309	0	510533	190	36615	1		900428423	100	0			0				0		100
QPRV00001309_00009	QPRV00001309	0	510533	190	6656	1		900428423	093	0			0				0		011
QPRV00001309_00005	QPRV00001309	0	520533	190	16738	1		900428423	520	0			0				0		
QPRV00001309_00006	QPRV00001309	0	520533	190	47413	1		900428423	001	0			0				0		
QPRV00001310_00018	QPRV00001310	0	51053040	175	524264	1		900428423	100	0			0				0		100
QPRV00001310_00017	QPRV00001310	0	52053040	175	277084	1		900428423	103	0			0				0		
QPRV00001310_00016	QPRV00001310	0	52053040	175	120966	1		900428423	520	0			0				0		
QPRV00001310_00015	QPRV00001310	0	52053040	175	235319	1		900428423	520	0			0				0		
QPRV00001310_00014	QPRV00001310	0	51053040	175	67891	1		900428423	100	0			0				0		018
QPRV00001310_00013	QPRV00001310	0	52053040	175	684537	1		900428423	001	0			0				0		
QPRV00001310_00019	QPRV00001310	0	51053040	175	95043	1		900428423	093	0			0				0		011
QPRV00001310_00020	QPRV00001310	0	52053040	175	301698	1		900428423	101	0			0				0		
QPRV00001311_00021	QPRV00001311	0	510539	145	373455	1		900428423	093	0			0				0		020
QPRV00001311_00022	QPRV00001311	0	510539	145	30708	1		900428423	100	0			0				0		018
QPRV00001311_00029	QPRV00001311	0	520539	145	120969	1		900428423	103	0			0				0		
QPRV00001311_00028	QPRV00001311	0	520539	145	147612	1		900428423	101	0			0				0		
QPRV00001311_00027	QPRV00001311	0	510539	145	263283	1		900428423	100	0			0				0		100
QPRV00001311_00026	QPRV00001311	0	520539	145	50299	1		900428423	520	0			0				0		
QPRV00001311_00025	QPRV00001311	0	510539	145	44500	1		900428423	093	0			0				0		011
QPRV00001311_00024	QPRV00001311	0	520539	145	107357	1		900428423	520	0			0				0		
QPRV00001311_00023	QPRV00001311	0	520539	145	340239	1		900428423	001	0			0				0		
QPRV00001312_00036	QPRV00001312	0	510536	130	67891	1		900428423	100	0			0				0		018
QPRV00001312_00035	QPRV00001312	0	520536	130	120966	1		900428423	520	0			0				0		
QPRV00001312_00034	QPRV00001312	0	510536	130	524264	1		900428423	100	0			0				0		100
QPRV00001312_00033	QPRV00001312	0	520536	130	301698	1		900428423	101	0			0				0		
QPRV00001312_00032	QPRV00001312	0	520536	130	684537	1		900428423	001	0			0				0		
QPRV00001312_00031	QPRV00001312	0	520536	130	277084	1		900428423	103	0			0				0		
QPRV00001312_00030	QPRV00001312	0	520536	130	235319	1		900428423	520	0			0				0		
QPRV00001312_00037	QPRV00001312	0	510536	130	95043	1		900428423	093	0			0				0		011
