QPRF00000738_00001	QPRF00000738	0	51057040	SOLID	0	1		800229739	093	0			0				0		020
QPRF00000739_00002	QPRF00000739	0	51057040	SOLID	100	1		800224808	100	0			0				0		100
QPRF00000740_00003	QPRF00000740	0	51057240	I.C.B.F	188200	1		899999239	093	0			0				0		020
QPRF00000741_00004	QPRF00000741	0	51057240	SENA	125500	1		899999034	093	0			0				0		020
QPRF00000742_00005	QPRF00000742	0	52057240	C.C.F	141600	1		890303208	101	0			0				0		
QPRF00000743_00006	QPRF00000743	0	52057240	C.C.F	126700	1		890201578	103	0			0				0		
QPRF00000744_00007	QPRF00000744	0	52057240	C.C.F	55000	1		890101994	520	0			0				0		
QPRF00000744_00008	QPRF00000744	0	52057240	C.C.F	103700	1		890101994	520	0			0				0		
QPRF00000745_00009	QPRF00000745	0	51057240	C.C.F	39900	1		860066942	093	0			0				0		011
QPRF00000745_00010	QPRF00000745	0	51057240	C.C.F	29500	1		860066942	100	0			0				0		018
QPRF00000745_00011	QPRF00000745	0	51057240	C.C.F	251000	1		860066942	093	0			0				0		020
QPRF00000745_00012	QPRF00000745	0	52057240	C.C.F	314300	1		860066942	001	0			0				0		
QPRF00000745_00013	QPRF00000745	0	51057240	C.C.F	248500	1		860066942	100	0			0				0		100
QPRF00000746_00014	QPRF00000746	0	51056940	EPS	533200	1		860066942	093	0			0				0		020
QPRF00000747_00015	QPRF00000747	0	52056940	EPS	5600	1		800130907	001	0			0				0		
QPRF00000747_00016	QPRF00000747	0	51056940	EPS	20125	1		800130907	093	0			0				0		021
QPRF00000748_00019	QPRF00000748	0	52056803	ARP	36900	1		860002503	101	0			0				0		
QPRF00000748_00018	QPRF00000748	0	51056803	ARP	840	1		860002503	093	0			0				0		021
QPRF00000748_00017	QPRF00000748	0	51056803	ARP	32800	1		860002503	093	0			0				0		020
QPRF00000748_00020	QPRF00000748	0	52056803	ARP	95600	1		860002503	520	0			0				0		
QPRF00000748_00026	QPRF00000748	0	51056803	ARP	3800	1		860002503	100	0			0				0		018
QPRF00000748_00025	QPRF00000748	0	51056803	ARP	59700	1		860002503	100	0			0				0		100
QPRF00000748_00024	QPRF00000748	0	52056803	ARP	136100	1		860002503	520	0			0				0		
QPRF00000748_00023	QPRF00000748	0	52056803	ARP	211600	1		860002503	001	0			0				0		
QPRF00000748_00022	QPRF00000748	0	52056803	ARP	33100	1		860002503	103	0			0				0		
QPRF00000748_00021	QPRF00000748	0	51056803	ARP	5200	1		860002503	093	0			0				0		011
QPRF00000749_00027	QPRF00000749	0	52057040	AFP	93400	1		900336004	520	0			0				0		
QPRF00000750_00030	QPRF00000750	0	52057040	AFP	84400	1		800229739	103	0			0				0		
QPRF00000750_00029	QPRF00000750	0	51057040	AFP	752800	1		800229739	093	0			0				0		020
QPRF00000750_00028	QPRF00000750	0	52057040	AFP	486500	1		800229739	001	0			0				0		
QPRF00000751_00032	QPRF00000751	0	52057040	AFP	89600	1		800227940	520	0			0				0		
QPRF00000751_00031	QPRF00000751	0	52057040	AFP	186400	1		800227940	001	0			0				0		
QPRF00000752_00034	QPRF00000752	0	51057040	AFP	745600	1		800224808	100	0			0				0		100
QPRF00000752_00035	QPRF00000752	0	52057040	AFP	296200	1		800224808	103	0			0				0		
QPRF00000752_00036	QPRF00000752	0	51057040	AFP	88400	1		800224808	100	0			0				0		018
QPRF00000752_00037	QPRF00000752	0	52057040	AFP	425200	1		800224808	101	0			0				0		
QPRF00000752_00038	QPRF00000752	0	52057040	AFP	127600	1		800224808	520	0			0				0		
QPRF00000752_00039	QPRF00000752	0	52057040	AFP	164800	1		800224808	520	0			0				0		
QPRF00000752_00040	QPRF00000752	0	51057040	AFP	128200	1		800224808	093	0			0				0		011
QPRF00000752_00033	QPRF00000752	0	52057040	AFP	274900	1		800224808	001	0			0				0		
