QPRV00001270_00001	QPRV00001270	0	510533	190	8212	1		900428423	099	0			0				0		151
QPRV00001270_00002	QPRV00001270	0	520533	190	28561	1		900428423	501	0			0				0		
QPRV00001270_00010	QPRV00001270	0	520533	190	34928	1		900428423	103	0			0				0		
QPRV00001270_00009	QPRV00001270	0	520533	190	14416	1		900428423	102	0			0				0		
QPRV00001270_00008	QPRV00001270	0	510533	190	61801	1		900428423	100	0			0				0		100
QPRV00001270_00007	QPRV00001270	0	510533	190	9781	1		900428423	093	0			0				0		011
QPRV00001270_00006	QPRV00001270	0	510533	190	6608	1		900428423	100	0			0				0		018
QPRV00001270_00005	QPRV00001270	0	510533	190	9538	1		900428423	099	0			0				0		103
QPRV00001270_00004	QPRV00001270	0	520533	190	22493	1		900428423	201	0			0				0		
QPRV00001270_00003	QPRV00001270	0	520533	190	55866	1		900428423	001	0			0				0		
QPRV00001271_00011	QPRV00001271	0	51053040	175	89500	1		900428423	093	0			0				0		011
QPRV00001271_00019	QPRV00001271	0	51053040	175	61583	1		900428423	100	0			0				0		018
QPRV00001271_00018	QPRV00001271	0	51053040	175	454965	1		900428423	100	0			0				0		100
QPRV00001271_00017	QPRV00001271	0	52053040	175	456860	1		900428423	001	0			0				0		
QPRV00001271_00020	QPRV00001271	0	52053040	175	170440	1		900428423	201	0			0				0		
QPRV00001271_00015	QPRV00001271	0	52053040	175	215503	1		900428423	501	0			0				0		
QPRV00001271_00014	QPRV00001271	0	52053040	175	172127	1		900428423	102	0			0				0		
QPRV00001271_00013	QPRV00001271	0	52053040	175	259846	1		900428423	103	0			0				0		
QPRV00001271_00012	QPRV00001271	0	51053040	175	62547	1		900428423	099	0			0				0		151
QPRV00001271_00016	QPRV00001271	0	51053040	175	69708	1		900428423	099	0			0				0		103
QPRV00001272_00021	QPRV00001272	0	510539	145	41667	1		900428423	093	0			0				0		011
QPRV00001272_00031	QPRV00001272	0	510539	145	597744	1		900428423	100	0			0				0		100
QPRV00001272_00030	QPRV00001272	0	520539	145	78752	1		900428423	102	0			0				0		
QPRV00001272_00029	QPRV00001272	0	520539	145	99649	1		900428423	501	0			0				0		
QPRV00001272_00028	QPRV00001272	0	510539	145	27708	1		900428423	100	0			0				0		018
QPRV00001272_00027	QPRV00001272	0	510539	145	26848	1		900428423	099	0			0				0		151
QPRV00001272_00026	QPRV00001272	0	510539	145	907459	1		900428423	093	0			0				0		020
QPRV00001272_00025	QPRV00001272	0	520539	145	78415	1		900428423	201	0			0				0		
QPRV00001272_00024	QPRV00001272	0	520539	145	338821	1		900428423	001	0			0				0		
QPRV00001272_00023	QPRV00001272	0	510539	145	33238	1		900428423	099	0			0				0		103
QPRV00001272_00022	QPRV00001272	0	520539	145	181731	1		900428423	103	0			0				0		
QPRV00001273_00039	QPRV00001273	0	520536	130	259597	1		900428423	103	0			0				0		
QPRV00001273_00038	QPRV00001273	0	520536	130	172607	1		900428423	102	0			0				0		
QPRV00001273_00037	QPRV00001273	0	510536	130	454966	1		900428423	100	0			0				0		100
QPRV00001273_00036	QPRV00001273	0	510536	130	62547	1		900428423	099	0			0				0		151
QPRV00001273_00041	QPRV00001273	0	520536	130	170441	1		900428423	201	0			0				0		
QPRV00001273_00034	QPRV00001273	0	510536	130	61583	1		900428423	100	0			0				0		018
QPRV00001273_00033	QPRV00001273	0	520536	130	215504	1		900428423	501	0			0				0		
QPRV00001273_00032	QPRV00001273	0	510536	130	69708	1		900428423	099	0			0				0		103
QPRV00001273_00040	QPRV00001273	0	520536	130	456860	1		900428423	001	0			0				0		
QPRV00001273_00035	QPRV00001273	0	510536	130	89500	1		900428423	093	0			0				0		011
