QPRF00000631_00001	QPRF00000631	0	51057240	I.C.B.F	175900	1		899999239	093	0			0				0		020
QPRF00000632_00002	QPRF00000632	0	51057240	SENA	117300	1		899999034	093	0			0				0		020
QPRF00000633_00003	QPRF00000633	0	52057240	C.C.F	78300	1		890303208	201	0			0				0		
QPRF00000634_00004	QPRF00000634	0	52057240	C.C.F	130000	1		890201578	103	0			0				0		
QPRF00000635_00005	QPRF00000635	0	52057240	C.C.F	94400	1		890101994	501	0			0				0		
QPRF00000636_00007	QPRF00000636	0	51057240	C.C.F	230800	1		860066942	100	0			0				0		100
QPRF00000636_00006	QPRF00000636	0	52057240	C.C.F	88800	1		860066942	102	0			0				0		
QPRF00000636_00008	QPRF00000636	0	51057240	C.C.F	40000	1		860066942	093	0			0				0		011
QPRF00000636_00013	QPRF00000636	0	51057240	C.C.F	234600	1		860066942	093	0			0				0		020
QPRF00000636_00009	QPRF00000636	0	52057240	C.C.F	164600	1		860066942	001	0			0				0		
QPRF00000636_00010	QPRF00000636	0	51057240	C.C.F	31000	1		860066942	099	0			0				0		103
QPRF00000636_00011	QPRF00000636	0	51057240	C.C.F	26600	1		860066942	100	0			0				0		018
QPRF00000636_00012	QPRF00000636	0	51057240	C.C.F	28400	1		860066942	099	0			0				0		151
QPRF00000637_00014	QPRF00000637	0	51056940	EPS	498400	1		860066942	093	0			0				0		020
QPRF00000638_00015	QPRF00000638	0	51056940	EPS	80544	1		800130907	093	0			0				0		021
QPRF00000639_00020	QPRF00000639	0	52056803	ARP	70500	1		860002503	103	0			0				0		
QPRF00000639_00019	QPRF00000639	0	51056803	ARP	5200	1		860002503	093	0			0				0		011
QPRF00000639_00018	QPRF00000639	0	52056803	ARP	38900	1		860002503	001	0			0				0		
QPRF00000639_00017	QPRF00000639	0	52056803	ARP	126075	1		860002503	501	0			0				0		
QPRF00000639_00016	QPRF00000639	0	51056803	ARP	55300	1		860002503	100	0			0				0		100
QPRF00000639_00021	QPRF00000639	0	52056803	ARP	92300	1		860002503	201	0			0				0		
QPRF00000639_00026	QPRF00000639	0	52056803	ARP	109500	1		860002503	102	0			0				0		
QPRF00000639_00025	QPRF00000639	0	51056803	ARP	3100	1		860002503	100	0			0				0		018
QPRF00000639_00024	QPRF00000639	0	51056803	ARP	8100	1		860002503	099	0			0				0		103
QPRF00000639_00023	QPRF00000639	0	51056803	ARP	30600	1		860002503	093	0			0				0		020
QPRF00000639_00022	QPRF00000639	0	51056803	ARP	49900	1		860002503	099	0			0				0		151
QPRF00000640_00027	QPRF00000640	0	52057040	AFP	77300	1		900336004	501	0			0				0		
QPRF00000641_00029	QPRF00000641	0	52057040	AFP	83800	1		800229739	102	0			0				0		
QPRF00000641_00028	QPRF00000641	0	52057040	AFP	334000	1		800229739	001	0			0				0		
QPRF00000642_00033	QPRF00000642	0	51057040	AFP	93000	1		800227940	099	0			0				0		103
QPRF00000642_00032	QPRF00000642	0	52057040	AFP	77300	1		800227940	501	0			0				0		
QPRF00000642_00031	QPRF00000642	0	52057040	AFP	166400	1		800227940	001	0			0				0		
QPRF00000642_00030	QPRF00000642	0	51057040	AFP	86000	1		800227940	099	0			0				0		151
QPRF00000643_00036	QPRF00000643	0	52057040	AFP	234800	1		800224808	201	0			0				0		
QPRF00000643_00037	QPRF00000643	0	51057040	AFP	120000	1		800224808	093	0			0				0		011
QPRF00000643_00038	QPRF00000643	0	52057040	AFP	182600	1		800224808	102	0			0				0		
QPRF00000643_00039	QPRF00000643	0	51057040	AFP	79800	1		800224808	100	0			0				0		018
QPRF00000643_00040	QPRF00000643	0	51057040	AFP	703600	1		800224808	093	0			0				0		020
QPRF00000643_00035	QPRF00000643	0	51057040	AFP	692400	1		800224808	100	0			0				0		100
QPRF00000643_00041	QPRF00000643	0	52057040	AFP	128600	1		800224808	501	0			0				0		
QPRF00000643_00034	QPRF00000643	0	52057040	AFP	390000	1		800224808	103	0			0				0		
