QPRF00000659_00002	QPRF00000659	0	51057040	SOLID	100	1		800224808	100	0			0				0		100
QPRF00000659_00001	QPRF00000659	0	52057040	SOLID	100	1		800224808	103	0			0				0		
QPRF00000660_00003	QPRF00000660	0	51057240	I.C.B.F	175900	1		899999239	093	0			0				0		020
QPRF00000661_00004	QPRF00000661	0	51057240	SENA	117300	1		899999034	093	0			0				0		020
QPRF00000662_00005	QPRF00000662	0	52057240	C.C.F	60800	1		890303208	201	0			0				0		
QPRF00000663_00006	QPRF00000663	0	52057240	C.C.F	164900	1		890201578	103	0			0				0		
QPRF00000664_00007	QPRF00000664	0	52057240	C.C.F	153500	1		890101994	501	0			0				0		
QPRF00000665_00008	QPRF00000665	0	51057240	C.C.F	32000	1		860066942	099	0			0				0		103
QPRF00000665_00009	QPRF00000665	0	52057240	C.C.F	174500	1		860066942	001	0			0				0		
QPRF00000665_00015	QPRF00000665	0	51057240	C.C.F	37300	1		860066942	093	0			0				0		011
QPRF00000665_00010	QPRF00000665	0	51057240	C.C.F	30600	1		860066942	098	0			0				0		109
QPRF00000665_00011	QPRF00000665	0	51057240	C.C.F	234600	1		860066942	093	0			0				0		020
QPRF00000665_00012	QPRF00000665	0	51057240	C.C.F	230200	1		860066942	100	0			0				0		100
QPRF00000665_00013	QPRF00000665	0	52057240	C.C.F	48000	1		860066942	102	0			0				0		
QPRF00000665_00014	QPRF00000665	0	51057240	C.C.F	26600	1		860066942	100	0			0				0		018
QPRF00000666_00016	QPRF00000666	0	51056940	EPS	498400	1		860066942	093	0			0				0		020
QPRF00000667_00017	QPRF00000667	0	51056940	EPS	80544	1		800130907	093	0			0				0		021
QPRF00000668_00021	QPRF00000668	0	51056803	ARP	55400	1		860002503	100	0			0				0		100
QPRF00000668_00020	QPRF00000668	0	51056803	ARP	3500	1		860002503	100	0			0				0		018
QPRF00000668_00019	QPRF00000668	0	51056803	ARP	4000	1		860002503	098	0			0				0		109
QPRF00000668_00018	QPRF00000668	0	52056803	ARP	105800	1		860002503	201	0			0				0		
QPRF00000668_00022	QPRF00000668	0	52056803	ARP	82935	1		860002503	103	0			0				0		
QPRF00000668_00028	QPRF00000668	0	52056803	ARP	231400	1		860002503	501	0			0				0		
QPRF00000668_00027	QPRF00000668	0	51056803	ARP	8400	1		860002503	099	0			0				0		103
QPRF00000668_00026	QPRF00000668	0	51056803	ARP	4900	1		860002503	093	0			0				0		011
QPRF00000668_00025	QPRF00000668	0	52056803	ARP	83500	1		860002503	102	0			0				0		
QPRF00000668_00024	QPRF00000668	0	51056803	ARP	30600	1		860002503	093	0			0				0		020
QPRF00000668_00023	QPRF00000668	0	52056803	ARP	41600	1		860002503	001	0			0				0		
QPRF00000669_00029	QPRF00000669	0	52057040	AFP	88000	1		900336004	501	0			0				0		
QPRF00000670_00032	QPRF00000670	0	52057040	AFP	369200	1		800229739	001	0			0				0		
QPRF00000670_00031	QPRF00000670	0	52057040	AFP	84400	1		800229739	103	0			0				0		
QPRF00000670_00030	QPRF00000670	0	51057040	AFP	91800	1		800229739	098	0			0				0		109
QPRF00000671_00035	QPRF00000671	0	52057040	AFP	154000	1		800227940	001	0			0				0		
QPRF00000671_00034	QPRF00000671	0	51057040	AFP	96000	1		800227940	099	0			0				0		103
QPRF00000671_00033	QPRF00000671	0	52057040	AFP	77300	1		800227940	501	0			0				0		
QPRF00000672_00037	QPRF00000672	0	51057040	AFP	690600	1		800224808	100	0			0				0		100
QPRF00000672_00038	QPRF00000672	0	51057040	AFP	79800	1		800224808	100	0			0				0		018
QPRF00000672_00039	QPRF00000672	0	51057040	AFP	703600	1		800224808	093	0			0				0		020
QPRF00000672_00040	QPRF00000672	0	51057040	AFP	120000	1		800224808	093	0			0				0		011
QPRF00000672_00041	QPRF00000672	0	52057040	AFP	300200	1		800224808	501	0			0				0		
QPRF00000672_00042	QPRF00000672	0	52057040	AFP	482800	1		800224808	103	0			0				0		
QPRF00000672_00043	QPRF00000672	0	52057040	AFP	144000	1		800224808	102	0			0				0		
QPRF00000672_00036	QPRF00000672	0	52057040	AFP	182400	1		800224808	201	0			0				0		
