QPRV00001278_00001	QPRV00001278	0	510533	190	5391	1		900428423	099	0			0				0		151
QPRV00001278_00002	QPRV00001278	0	510533	190	9023	1		900428423	100	0			0				0		018
QPRV00001278_00010	QPRV00001278	0	520533	190	37215	1		900428423	501	0			0				0		
QPRV00001278_00009	QPRV00001278	0	520533	190	47892	1		900428423	103	0			0				0		
QPRV00001278_00008	QPRV00001278	0	510533	190	12451	1		900428423	099	0			0				0		103
QPRV00001278_00007	QPRV00001278	0	520533	190	22563	1		900428423	102	0			0				0		
QPRV00001278_00006	QPRV00001278	0	510533	190	84348	1		900428423	100	0			0				0		100
QPRV00001278_00005	QPRV00001278	0	510533	190	13361	1		900428423	093	0			0				0		011
QPRV00001278_00004	QPRV00001278	0	520533	190	29645	1		900428423	201	0			0				0		
QPRV00001278_00003	QPRV00001278	0	520533	190	64041	1		900428423	001	0			0				0		
QPRV00001279_00011	QPRV00001279	0	52053040	175	215103	1		900428423	501	0			0				0		
QPRV00001279_00019	QPRV00001279	0	51053040	175	33511	1		900428423	099	0			0				0		151
QPRV00001279_00018	QPRV00001279	0	51053040	175	89500	1		900428423	093	0			0				0		011
QPRV00001279_00017	QPRV00001279	0	52053040	175	283151	1		900428423	103	0			0				0		
QPRV00001279_00020	QPRV00001279	0	52053040	175	353704	1		900428423	001	0			0				0		
QPRV00001279_00015	QPRV00001279	0	51053040	175	486763	1		900428423	100	0			0				0		100
QPRV00001279_00014	QPRV00001279	0	51053040	175	60966	1		900428423	100	0			0				0		018
QPRV00001279_00013	QPRV00001279	0	52053040	175	175380	1		900428423	201	0			0				0		
QPRV00001279_00012	QPRV00001279	0	52053040	175	190741	1		900428423	102	0			0				0		
QPRV00001279_00016	QPRV00001279	0	51053040	175	70750	1		900428423	099	0			0				0		103
QPRV00001280_00021	QPRV00001280	0	510539	145	27709	1		900428423	100	0			0				0		018
QPRV00001280_00031	QPRV00001280	0	510539	145	33238	1		900428423	099	0			0				0		103
QPRV00001280_00030	QPRV00001280	0	510539	145	41666	1		900428423	093	0			0				0		011
QPRV00001280_00029	QPRV00001280	0	510539	145	349023	1		900428423	093	0			0				0		020
QPRV00001280_00028	QPRV00001280	0	520539	145	78795	1		900428423	201	0			0				0		
QPRV00001280_00027	QPRV00001280	0	510539	145	282835	1		900428423	100	0			0				0		100
QPRV00001280_00026	QPRV00001280	0	510539	145	13443	1		900428423	099	0			0				0		151
QPRV00001280_00025	QPRV00001280	0	520539	145	132472	1		900428423	001	0			0				0		
QPRV00001280_00024	QPRV00001280	0	520539	145	100303	1		900428423	501	0			0				0		
QPRV00001280_00023	QPRV00001280	0	520539	145	91107	1		900428423	102	0			0				0		
QPRV00001280_00022	QPRV00001280	0	520539	145	146538	1		900428423	103	0			0				0		
QPRV00001281_00039	QPRV00001281	0	520536	130	175379	1		900428423	201	0			0				0		
QPRV00001281_00038	QPRV00001281	0	520536	130	283166	1		900428423	103	0			0				0		
QPRV00001281_00037	QPRV00001281	0	510536	130	89500	1		900428423	093	0			0				0		011
QPRV00001281_00036	QPRV00001281	0	520536	130	191152	1		900428423	102	0			0				0		
QPRV00001281_00041	QPRV00001281	0	520536	130	215100	1		900428423	501	0			0				0		
QPRV00001281_00034	QPRV00001281	0	510536	130	70750	1		900428423	099	0			0				0		103
QPRV00001281_00033	QPRV00001281	0	510536	130	33510	1		900428423	099	0			0				0		151
QPRV00001281_00032	QPRV00001281	0	510536	130	60966	1		900428423	100	0			0				0		018
QPRV00001281_00040	QPRV00001281	0	510536	130	486764	1		900428423	100	0			0				0		100
QPRV00001281_00035	QPRV00001281	0	520536	130	353705	1		900428423	001	0			0				0		
