QPRF00000722_00001	QPRF00000722	0	51057040	SOLID	100	1		800229739	093	0			0				0		020
QPRF00000723_00002	QPRF00000723	0	51057040	SOLID	100	1		800224808	100	0			0				0		100
QPRF00000724_00003	QPRF00000724	0	51057240	I.C.B.F	188200	1		899999239	093	0			0				0		020
QPRF00000725_00004	QPRF00000725	0	51057240	SENA	125500	1		899999034	093	0			0				0		020
QPRF00000726_00005	QPRF00000726	0	52057240	C.C.F	99200	1		890303208	201	0			0				0		
QPRF00000727_00006	QPRF00000727	0	52057240	C.C.F	133500	1		890201578	103	0			0				0		
QPRF00000728_00007	QPRF00000728	0	52057240	C.C.F	110400	1		890101994	501	0			0				0		
QPRF00000728_00008	QPRF00000728	0	52057240	C.C.F	55200	1		890101994	520	0			0				0		
QPRF00000729_00009	QPRF00000729	0	51057240	C.C.F	251000	1		860066942	093	0			0				0		020
QPRF00000729_00010	QPRF00000729	0	51057240	C.C.F	42700	1		860066942	093	0			0				0		011
QPRF00000729_00011	QPRF00000729	0	51057240	C.C.F	260500	1		860066942	100	0			0				0		100
QPRF00000729_00012	QPRF00000729	0	52057240	C.C.F	299300	1		860066942	001	0			0				0		
QPRF00000729_00013	QPRF00000729	0	51057240	C.C.F	29500	1		860066942	100	0			0				0		018
QPRF00000730_00014	QPRF00000730	0	51056940	EPS	533200	1		860066942	093	0			0				0		020
QPRF00000731_00015	QPRF00000731	0	51056940	EPS	300	1		805000427	100	0			0				0		100
QPRF00000732_00016	QPRF00000732	0	51056940	EPS	86200	1		800130907	093	0			0				0		021
QPRF00000733_00019	QPRF00000733	0	52056803	ARP	34800	1		860002503	103	0			0				0		
QPRF00000733_00018	QPRF00000733	0	52056803	ARP	210300	1		860002503	001	0			0				0		
QPRF00000733_00017	QPRF00000733	0	51056803	ARP	3700	1		860002503	100	0			0				0		018
QPRF00000733_00020	QPRF00000733	0	52056803	ARP	147900	1		860002503	501	0			0				0		
QPRF00000733_00026	QPRF00000733	0	52056803	ARP	25900	1		860002503	201	0			0				0		
QPRF00000733_00025	QPRF00000733	0	51056803	ARP	5600	1		860002503	093	0			0				0		011
QPRF00000733_00024	QPRF00000733	0	51056803	ARP	61200	1		860002503	100	0			0				0		100
QPRF00000733_00023	QPRF00000733	0	51056803	ARP	3600	1		860002503	093	0			0				0		021
QPRF00000733_00022	QPRF00000733	0	51056803	ARP	32800	1		860002503	093	0			0				0		020
QPRF00000733_00021	QPRF00000733	0	52056803	ARP	96000	1		860002503	520	0			0				0		
QPRF00000734_00027	QPRF00000734	0	52057040	AFP	87800	1		900336004	501	0			0				0		
QPRF00000735_00030	QPRF00000735	0	52057040	AFP	498600	1		800229739	001	0			0				0		
QPRF00000735_00029	QPRF00000735	0	51057040	AFP	752800	1		800229739	093	0			0				0		020
QPRF00000735_00028	QPRF00000735	0	52057040	AFP	86800	1		800229739	103	0			0				0		
QPRF00000736_00032	QPRF00000736	0	52057040	AFP	89600	1		800227940	501	0			0				0		
QPRF00000736_00031	QPRF00000736	0	52057040	AFP	115200	1		800227940	001	0			0				0		
QPRF00000737_00034	QPRF00000737	0	51057040	AFP	128200	1		800224808	093	0			0				0		011
QPRF00000737_00035	QPRF00000737	0	52057040	AFP	165400	1		800224808	520	0			0				0		
QPRF00000737_00036	QPRF00000737	0	51057040	AFP	88400	1		800224808	100	0			0				0		018
QPRF00000737_00037	QPRF00000737	0	52057040	AFP	284200	1		800224808	001	0			0				0		
QPRF00000737_00038	QPRF00000737	0	52057040	AFP	313600	1		800224808	103	0			0				0		
QPRF00000737_00039	QPRF00000737	0	52057040	AFP	153800	1		800224808	501	0			0				0		
QPRF00000737_00040	QPRF00000737	0	51057040	AFP	782700	1		800224808	100	0			0				0		100
QPRF00000737_00033	QPRF00000737	0	52057040	AFP	297200	1		800224808	201	0			0				0		
