QPRV00001305_00011	QPRV00001305	0	510533	190	4763	1		900428423	093	0			0				0		011
QPRV00001305_00012	QPRV00001305	0	520533	190	5604	1		900428423	520	0			0				0		
QPRV00001305_00007	QPRV00001305	0	520533	190	15126	1		900428423	103	0			0				0		
QPRV00001305_00008	QPRV00001305	0	520533	190	33127	1		900428423	001	0			0				0		
QPRV00001305_00010	QPRV00001305	0	510533	190	26453	1		900428423	100	0			0				0		100
QPRV00001305_00009	QPRV00001305	0	510533	190	3384	1		900428423	100	0			0				0		018
QPRV00001305_00005	QPRV00001305	0	520533	190	12314	1		900428423	501	0			0				0		
QPRV00001305_00006	QPRV00001305	0	520533	190	9811	1		900428423	201	0			0				0		
QPRV00001306_00018	QPRV00001306	0	52053040	175	291050	1		900428423	103	0			0				0		
QPRV00001306_00017	QPRV00001306	0	52053040	175	249433	1		900428423	501	0			0				0		
QPRV00001306_00016	QPRV00001306	0	52053040	175	654780	1		900428423	001	0			0				0		
QPRV00001306_00015	QPRV00001306	0	51053040	175	95475	1		900428423	093	0			0				0		011
QPRV00001306_00014	QPRV00001306	0	51053040	175	540402	1		900428423	100	0			0				0		100
QPRV00001306_00013	QPRV00001306	0	51053040	175	67676	1		900428423	100	0			0				0		018
QPRV00001306_00019	QPRV00001306	0	52053040	175	219455	1		900428423	201	0			0				0		
QPRV00001306_00020	QPRV00001306	0	52053040	175	121365	1		900428423	520	0			0				0		
QPRV00001307_00021	QPRV00001307	0	510539	145	373454	1		900428423	093	0			0				0		020
QPRV00001307_00022	QPRV00001307	0	520539	145	151620	1		900428423	103	0			0				0		
QPRV00001307_00029	QPRV00001307	0	520539	145	44886	1		900428423	520	0			0				0		
QPRV00001307_00028	QPRV00001307	0	510539	145	261897	1		900428423	100	0			0				0		100
QPRV00001307_00027	QPRV00001307	0	520539	145	111758	1		900428423	501	0			0				0		
QPRV00001307_00026	QPRV00001307	0	510539	145	44500	1		900428423	093	0			0				0		011
QPRV00001307_00025	QPRV00001307	0	510539	145	30709	1		900428423	100	0			0				0		018
QPRV00001307_00024	QPRV00001307	0	520539	145	103252	1		900428423	201	0			0				0		
QPRV00001307_00023	QPRV00001307	0	520539	145	375186	1		900428423	001	0			0				0		
QPRV00001308_00036	QPRV00001308	0	520536	130	291049	1		900428423	103	0			0				0		
QPRV00001308_00035	QPRV00001308	0	510536	130	540402	1		900428423	100	0			0				0		100
QPRV00001308_00034	QPRV00001308	0	510536	130	67676	1		900428423	100	0			0				0		018
QPRV00001308_00033	QPRV00001308	0	520536	130	654780	1		900428423	001	0			0				0		
QPRV00001308_00032	QPRV00001308	0	520536	130	121365	1		900428423	520	0			0				0		
QPRV00001308_00031	QPRV00001308	0	520536	130	249433	1		900428423	501	0			0				0		
QPRV00001308_00030	QPRV00001308	0	520536	130	219455	1		900428423	201	0			0				0		
QPRV00001308_00037	QPRV00001308	0	510536	130	95475	1		900428423	093	0			0				0		011
