QPRV00001317_00004	QPRV00001317	0	52054501	503	50	1		900428423	103	0			0				0		
QPRV00001317_00001	QPRV00001317	0	261095	503	475600	2		900428423	001	0			0				0		
QPRV00001317_00002	QPRV00001317	0	261095	503	50	2		900428423	103	0			0				0		
QPRV00001317_00003	QPRV00001317	0	52054501	503	475600	1		900428423	001	0			0				0		
QPRV00001318_00009	QPRV00001318	0	510533	190	7457	1		900428423	100	0			0				0		018
QPRV00001318_00008	QPRV00001318	0	520533	190	103023	1		900428423	001	0			0				0		
QPRV00001318_00007	QPRV00001318	0	510533	190	62809	1		900428423	100	0			0				0		100
QPRV00001318_00006	QPRV00001318	0	510533	190	10487	1		900428423	093	0			0				0		011
QPRV00001318_00010	QPRV00001318	0	520533	190	29693	1		900428423	520	0			0				0		
QPRV00001318_00005	QPRV00001318	0	520533	190	32641	1		900428423	103	0			0				0		
QPRV00001319_00014	QPRV00001319	0	51053040	175	95475	1		900428423	093	0			0				0		011
QPRV00001319_00013	QPRV00001319	0	52053040	175	330055	1		900428423	520	0			0				0		
QPRV00001319_00012	QPRV00001319	0	52053040	175	280957	1		900428423	103	0			0				0		
QPRV00001319_00011	QPRV00001319	0	51053040	175	560015	1		900428423	100	0			0				0		100
QPRV00001319_00015	QPRV00001319	0	51053040	175	67892	1		900428423	100	0			0				0		018
QPRV00001319_00016	QPRV00001319	0	52053040	175	939234	1		900428423	001	0			0				0		
QPRV00001320_00017	QPRV00001320	0	510539	145	292086	1		900428423	100	0			0				0		100
QPRV00001320_00018	QPRV00001320	0	510539	145	30708	1		900428423	100	0			0				0		018
QPRV00001320_00019	QPRV00001320	0	510539	145	2166038	1		900428423	093	0			0				0		020
QPRV00001320_00020	QPRV00001320	0	520539	145	447575	1		900428423	001	0			0				0		
QPRV00001320_00021	QPRV00001320	0	510539	145	44500	1		900428423	093	0			0				0		011
QPRV00001320_00022	QPRV00001320	0	520539	145	145995	1		900428423	520	0			0				0		
QPRV00001320_00023	QPRV00001320	0	520539	145	153796	1		900428423	103	0			0				0		
QPRV00001321_00024	QPRV00001321	0	520536	130	919566	1		900428423	001	0			0				0		
QPRV00001321_00025	QPRV00001321	0	510536	130	492125	1		900428423	100	0			0				0		100
QPRV00001321_00026	QPRV00001321	0	510536	130	67892	1		900428423	100	0			0				0		018
QPRV00001321_00027	QPRV00001321	0	520536	130	248625	1		900428423	103	0			0				0		
QPRV00001321_00028	QPRV00001321	0	520536	130	318701	1		900428423	520	0			0				0		
QPRV00001321_00029	QPRV00001321	0	510536	130	89809	1		900428423	093	0			0				0		011
QPRV00001321_00030	QPRV00001321	0	510536	130	328666	2		900428423	100	0			0				0		100
