QPRF00000765_00001	QPRF00000765	0	51057240	I.C.B.F	188200	1		899999239	093	0			0				0		020
QPRF00000766_00002	QPRF00000766	0	51057240	SENA	125500	1		899999034	093	0			0				0		020
QPRF00000767_00003	QPRF00000767	0	52057240	C.C.F	119000	1		890303208	001	0			0				0		
QPRF00000768_00004	QPRF00000768	0	52057240	C.C.F	125800	1		890201578	103	0			0				0		
QPRF00000769_00005	QPRF00000769	0	52057240	C.C.F	144900	1		890101994	520	0			0				0		
QPRF00000770_00006	QPRF00000770	0	51057240	C.C.F	42700	1		860066942	093	0			0				0		011
QPRF00000770_00010	QPRF00000770	0	51057240	C.C.F	29500	1		860066942	100	0			0				0		018
QPRF00000770_00007	QPRF00000770	0	52057240	C.C.F	304600	1		860066942	001	0			0				0		
QPRF00000770_00008	QPRF00000770	0	51057240	C.C.F	251000	1		860066942	093	0			0				0		020
QPRF00000770_00009	QPRF00000770	0	51057240	C.C.F	267100	1		860066942	100	0			0				0		100
QPRF00000771_00011	QPRF00000771	0	51056940	EPS	533200	1		860066942	093	0			0				0		020
QPRF00000772_00012	QPRF00000772	0	52056940	EPS	100	1		800251440	001	0			0				0		
QPRF00000773_00015	QPRF00000773	0	51056803	ARP	58900	1		860002503	100	0			0				0		100
QPRF00000773_00014	QPRF00000773	0	51056803	ARP	3800	1		860002503	100	0			0				0		018
QPRF00000773_00013	QPRF00000773	0	52056803	ARP	32800	1		860002503	103	0			0				0		
QPRF00000773_00016	QPRF00000773	0	52056803	ARP	183100	1		860002503	520	0			0				0		
QPRF00000773_00019	QPRF00000773	0	51056803	ARP	6600	1		860002503	093	0			0				0		020
QPRF00000773_00018	QPRF00000773	0	52056803	ARP	215400	1		860002503	001	0			0				0		
QPRF00000773_00017	QPRF00000773	0	51056803	ARP	5600	1		860002503	093	0			0				0		011
QPRF00000774_00020	QPRF00000774	0	51057040	AFP	88400	1		900336004	100	0			0				0		100
QPRF00000774_00021	QPRF00000774	0	52057040	AFP	82713	1		900336004	520	0			0				0		
QPRF00000775_00022	QPRF00000775	0	51057040	AFP	752800	1		800229739	093	0			0				0		020
QPRF00000775_00023	QPRF00000775	0	52057040	AFP	544900	1		800229739	001	0			0				0		
QPRF00000775_00024	QPRF00000775	0	52057040	AFP	90200	1		800229739	103	0			0				0		
QPRF00000776_00025	QPRF00000776	0	52057040	AFP	140600	1		800227940	001	0			0				0		
QPRF00000776_00026	QPRF00000776	0	52057040	AFP	140000	1		800227940	520	0			0				0		
QPRF00000777_00027	QPRF00000777	0	52057040	AFP	598500	1		800224808	001	0			0				0		
QPRF00000777_00028	QPRF00000777	0	52057040	AFP	212000	1		800224808	520	0			0				0		
QPRF00000777_00031	QPRF00000777	0	52057040	AFP	296400	1		800224808	103	0			0				0		
QPRF00000777_00030	QPRF00000777	0	51057040	AFP	128200	1		800224808	093	0			0				0		011
QPRF00000777_00029	QPRF00000777	0	51057040	AFP	88400	1		800224808	100	0			0				0		018
QPRF00000777_00032	QPRF00000777	0	51057040	AFP	712800	1		800224808	100	0			0				0		100
